Accuracy = 0.59

              precision    recall  f1-score   support

         0.0       0.62      0.44      0.52        99
         1.0       0.57      0.73      0.64       101

    accuracy                           0.59       200
   macro avg       0.60      0.59      0.58       200
weighted avg       0.60      0.59      0.58       200


Coefficients: Weights assigned to the features: 

-0.05687454630947286
-0.11690404339378802
-0.020113631722210812
0.013485475657603274
-0.5980964883955906
-0.03207566201916734
-0.5812642484099726
-0.0036362069663482544
-0.04704238238377911
-0.01340313797413728
-0.12449848182995993
0.08505097163227049
0.12774033440382482
-0.044138141948565135
-0.2898890265736611


Number of Support Vectors = 630
Support Vectors: 

[ 3.4   0.    2.   10.    0.    6.    1.   10.    3.99  3.05 12.    0.
  1.    1.    0.  ]
[11.43  5.    8.   10.    1.    1.    0.   10.    5.78 26.82 11.    0.
  1.    0.    0.  ]
[ 5.31  6.    8.    5.    0.    0.    1.   10.    6.73  6.27  6.    0.
  1.    0.    3.  ]
[17.51  2.   10.   10.    0.    0.    0.   10.   23.62 20.28  6.    1.
  4.    4.    2.  ]
[ 3.74  0.    2.   10.    0.    6.    1.   10.    4.77  2.94 12.    0.
  1.    1.    0.  ]
[ 7.22  6.    8.   10.    0.    2.    0.   10.    6.15 13.62 12.    1.
  2.    0.    2.  ]
[ 6.33  6.    3.    5.    0.    6.    0.   10.    5.62  6.54  6.    1.
  6.    0.    2.  ]
[4.59 6.   8.   4.   0.   1.   0.   8.   6.85 8.82 9.   0.   1.   0.
 2.  ]
[ 9.31  6.    7.    5.    0.    2.    0.    7.    6.38 10.01 11.    0.
  1.    0.    0.  ]
[4.5  2.   2.   5.   0.   0.   1.   3.   6.39 3.59 3.   0.   1.   0.
 2.  ]
[ 8.3   6.    7.    5.    0.    2.    0.   10.    5.79  9.86 11.    0.
  1.    0.    3.  ]
[ 4.52  2.    8.    6.    0.    0.    1.   11.    5.36  5.17  7.    0.
  1.    0.    3.  ]
[ 8.29  6.    7.    3.    0.    0.    0.   10.    5.76 18.98 11.    0.
  1.    0.    0.  ]
[ 7.69  6.    0.   11.    1.    4.    0.   11.    5.45 13.11  1.    0.
  1.    0.    0.  ]
[ 8.5   6.    3.    5.    1.    4.    0.   11.    8.53 17.69  6.    1.
  5.    0.    0.  ]
[ 6.64  6.    3.   11.    1.    6.    0.   11.    6.33 10.86 11.    0.
  1.    0.    2.  ]
[16.04  2.    7.    5.    0.    0.    1.    4.    7.26 22.93 11.    0.
  1.    0.    0.  ]
[3.66 2.   0.   7.   1.   1.   0.   7.   4.27 5.55 3.   0.   1.   0.
 0.  ]
[10.89  6.    7.    5.    1.    2.    0.    5.    8.03 17.11 11.    1.
  3.    4.    0.  ]
[ 3.96  6.    7.   10.    0.    1.    1.   10.    4.3   6.99 11.    0.
  1.    1.    0.  ]
[12.53  2.    1.    5.    0.    0.    0.   10.    7.41 23.66 11.    0.
  1.    0.    3.  ]
[ 6.2   5.    8.    5.    0.    1.    0.   10.    5.4   7.76 11.    0.
  1.    3.    0.  ]
[ 1.6   6.    9.    5.    0.    0.    1.    4.    4.53  2.38 11.    0.
  1.    1.    3.  ]
[ 3.66  6.    8.    6.    0.    0.    1.   11.    4.95  3.95  7.    0.
  1.    0.    3.  ]
[ 7.36  6.    7.    5.    1.    4.    0.   11.    5.98 16.14  6.    1.
  5.    0.    2.  ]
[ 6.4   5.    9.   11.    0.    3.    2.    2.    4.84 17.86 12.    0.
  1.    0.    0.  ]
[ 3.08  2.    7.   10.    0.    1.    1.   10.    2.67  5.18 11.    0.
  1.    4.    0.  ]
[11.21  2.    8.    2.    0.    1.    0.   10.    2.38 15.38 11.    0.
  1.    0.    0.  ]
[ 8.13  4.    8.    2.    0.    0.    0.   10.    8.32 13.91 11.    0.
  1.    0.    0.  ]
[ 6.71  5.    6.   10.    0.    1.    0.   10.    3.34  9.4  11.    0.
  1.    1.    2.  ]
[5.46 6.   3.   5.   0.   0.   1.   5.   5.8  3.86 3.   1.   3.   0.
 3.  ]
[ 1.58  1.    2.    5.    0.    0.    0.   10.    4.79  1.57  3.    0.
  1.    0.    0.  ]
[10.26  3.    8.    5.    0.    0.    0.   10.    4.57 23.96  6.    0.
  1.    0.    0.  ]
[ 5.94  6.    8.    2.    0.    0.    1.    5.    5.99  4.51 11.    1.
  3.    0.    2.  ]
[ 5.64  6.    3.   11.    1.    6.    0.   11.    7.55 15.69 11.    0.
  1.    0.    2.  ]
[ 9.25  6.   10.    5.    1.    2.    0.    7.    8.9  16.71 11.    1.
  3.    3.    0.  ]
[ 9.08  5.    8.    5.    0.    0.    0.   10.    4.34 23.52  6.    0.
  1.    0.    0.  ]
[ 3.37  6.    8.   11.    0.    0.    0.   11.    3.58  9.05 11.    0.
  1.    0.    0.  ]
[1.54 1.   2.   5.   0.   0.   0.   3.   5.09 1.39 3.   0.   1.   3.
 2.  ]
[ 5.9   5.    6.    5.    0.    3.    2.    2.    8.24 57.68  6.    0.
  1.    3.    0.  ]
[ 7.14  3.    8.    5.    0.    0.    0.   10.    4.69 22.32  6.    0.
  1.    0.    0.  ]
[ 1.3   4.    2.    2.    0.    0.    0.    3.    3.27  1.65 11.    0.
  1.    0.    1.  ]
[ 7.39  2.    7.    5.    0.    5.    0.   10.    5.53  9.71  6.    0.
  1.    3.    2.  ]
[ 3.62  0.    2.   10.    0.    6.    1.   10.    4.16  2.74 12.    0.
  1.    1.    0.  ]
[ 1.92  6.    8.    9.    0.    0.    1.    9.    5.26  3.92 11.    0.
  1.    0.    3.  ]
[ 5.65  6.    3.    5.    0.    6.    0.   10.    5.79  5.78  6.    1.
  6.    0.    1.  ]
[ 6.16  0.    3.    2.    0.    5.    1.   10.    5.85 10.44  3.    0.
  1.    0.    2.  ]
[14.66  2.    1.    2.    0.    1.    0.   10.    7.66 24.45 11.    0.
  1.    3.    0.  ]
[ 3.39  6.    0.    5.    1.    4.    0.   11.    5.69 13.95 12.    0.
  1.    0.    0.  ]
[ 7.85  2.   10.    5.    0.    2.    0.    5.    5.12 13.04 11.    1.
  6.    7.    0.  ]
[6.39 6.   3.   5.   0.   6.   0.   5.   4.81 5.35 6.   1.   6.   0.
 2.  ]
[ 6.86  6.    8.   11.    0.    2.    0.   10.    6.34 12.62 11.    1.
  2.    0.    2.  ]
[ 3.67  6.    8.   11.    0.    0.    0.    6.    2.48  7.19 11.    0.
  1.    0.    2.  ]
[11.4   2.    7.   10.    0.    2.    0.    7.   24.63 14.03 11.    1.
  0.    6.    0.  ]
[3.72 6.   7.   5.   0.   4.   0.   5.   4.14 8.83 1.   0.   1.   0.
 2.  ]
[ 7.7   6.    0.   11.    1.    4.    0.    8.    5.72 12.84 12.    0.
  1.    0.    0.  ]
[ 6.64  6.    8.   11.    0.    0.    0.   10.    5.17 14.19  3.    0.
  1.    0.    3.  ]
[ 1.41  1.    2.    5.    1.    0.    0.   10.    5.84  1.13  6.    0.
  1.    2.    2.  ]
[ 9.46  5.    8.    6.    1.    1.    0.    6.    5.22 17.14 11.    0.
  1.    0.    2.  ]
[11.1   2.    8.    5.    1.    0.    0.   10.    9.53 17.34 11.    1.
  2.    0.    0.  ]
[10.49  2.    7.   11.    0.    0.    1.   10.    9.91 15.93  6.    1.
  1.    0.    0.  ]
[4.35 2.   8.   5.   0.   1.   0.   6.   6.06 7.64 7.   0.   1.   0.
 3.  ]
[11.49  6.    7.   10.    1.    2.    0.    5.   10.03 18.2  11.    1.
  3.    4.    0.  ]
[3.91 6.   8.   5.   0.   1.   0.   6.   6.05 7.12 7.   0.   1.   0.
 0.  ]
[ 1.    1.    2.    1.    1.    0.    0.   10.    6.1   1.07  6.    0.
  1.    0.    2.  ]
[ 6.13  6.   10.    5.    0.    2.    0.    7.    5.68 10.28  6.    0.
  1.    0.    0.  ]
[ 5.81  2.    3.    6.    0.    0.    1.   11.    5.83  5.08  6.    0.
  1.    0.    0.  ]
[18.33  2.   10.    5.    0.    0.    0.   10.   21.53 21.19  6.    1.
  4.    0.    2.  ]
[ 3.19  6.    7.   10.    0.    1.    1.   10.    3.07  6.14 11.    0.
  1.    1.    0.  ]
[ 8.18  2.    7.   11.    0.    1.    1.   10.    7.89 13.46  6.    1.
  1.    0.    0.  ]
[ 5.7   6.    8.   10.    0.    2.    0.   10.    6.11 12.35 11.    1.
  2.    0.    2.  ]
[ 5.24  6.   10.    2.    0.    5.    0.   10.    4.08  7.52 11.    0.
  1.    0.    2.  ]
[ 7.12  2.    7.    0.    0.    1.    1.    0.    6.39 12.9  11.    0.
  1.    0.    3.  ]
[ 8.88  6.    3.    5.    0.    4.    1.   11.    6.59 12.14  6.    0.
  1.    0.    0.  ]
[ 8.06  6.    7.    3.    0.    0.    0.   10.    4.68 15.7  11.    0.
  1.    0.    2.  ]
[ 3.12  2.    7.   10.    0.    1.    1.   10.    2.73  5.76 11.    0.
  1.    4.    3.  ]
[ 3.49  5.    8.   11.    0.    3.    2.    2.    6.53  7.89  7.    0.
  1.    0.    0.  ]
[19.17  2.   10.   10.    0.    0.    0.   10.   26.49 20.3   6.    1.
  4.    4.    2.  ]
[ 4.29  6.    8.    5.    0.    6.    0.   10.    6.48  4.5  11.    0.
  1.    0.    2.  ]
[ 6.02  2.    9.   11.    0.    3.    2.    2.    6.56 16.46 12.    0.
  1.    0.    0.  ]
[5.29 6.   8.   8.   0.   0.   0.   8.   6.44 8.16 9.   0.   1.   0.
 0.  ]
[ 1.17  2.    9.    2.    0.    0.    1.    3.    5.11  2.65 11.    0.
  1.    1.    1.  ]
[ 8.48  6.    8.    1.    0.    6.    0.   10.    6.49 16.49 11.    0.
  1.    0.    2.  ]
[ 1.49  6.    9.    5.    0.    0.    1.    3.    5.04  2.44 11.    0.
  1.    1.    3.  ]
[1.17 2.   2.   1.   1.   0.   0.   7.   6.2  1.14 6.   0.   1.   0.
 2.  ]
[ 5.92  4.    8.    2.    0.    3.    2.    2.    6.09 21.48  6.    0.
  1.    3.    1.  ]
[ 3.3   5.    8.   11.    0.    3.    2.    2.    6.19  6.66 12.    0.
  1.    0.    0.  ]
[ 3.4   2.    3.    5.    0.    0.    0.    4.    4.78  6.06 11.    0.
  1.    0.    2.  ]
[ 5.98  2.    3.    5.    0.    5.    0.   11.    8.21 12.57  6.    0.
  1.    0.    0.  ]
[ 4.06  6.    8.   10.    0.    6.    0.    5.    7.95  9.24 11.    1.
  1.    0.    0.  ]
[ 3.71  0.   10.    5.    0.    0.    0.    5.    7.1   4.01 11.    0.
  1.    0.    1.  ]
[ 7.09  2.    3.    2.    0.    5.    1.    3.    6.54 11.62  3.    0.
  1.    0.    2.  ]
[ 6.5   5.    8.    5.    0.    1.    0.   10.    5.37  7.71 11.    0.
  1.    0.    0.  ]
[ 6.28  5.    8.    5.    0.    1.    0.   10.    5.61  9.09 11.    0.
  1.    3.    0.  ]
[ 6.39  2.    3.    3.    0.    5.    1.   10.    5.57 10.71  3.    0.
  1.    0.    0.  ]
[ 5.11  6.   10.    2.    0.    5.    0.   11.    3.74  6.34 11.    0.
  1.    0.    2.  ]
[ 3.23  6.    0.    5.    0.    4.    0.   11.    4.46  9.95 12.    0.
  1.    0.    0.  ]
[ 3.56  6.    0.    5.    0.    4.    0.    5.    5.21 10.28 12.    0.
  1.    0.    0.  ]
[ 8.06  6.    8.   11.    0.    4.    0.   11.    7.06 14.64 12.    1.
  1.    0.    0.  ]
[11.91  5.    8.    7.    1.    1.    0.    6.    6.61 17.97 11.    0.
  1.    0.    0.  ]
[ 8.12  6.    3.    5.    0.    4.    1.   11.    7.49 12.46  6.    0.
  1.    2.    2.  ]
[ 9.23  5.    8.    2.    0.    5.    0.    7.    7.82 19.74 10.    0.
  1.    1.    3.  ]
[ 3.36  6.    8.   10.    0.    6.    0.    5.    7.48  7.62  6.    1.
  1.    1.    1.  ]
[ 9.73  5.    8.    5.    0.    5.    0.    0.    7.81 20.35 10.    0.
  1.    0.    3.  ]
[ 9.09  2.   10.    1.    0.    0.    0.   10.    7.3  26.07  6.    1.
  0.    0.    0.  ]
[ 7.57  2.    8.   11.    0.    0.    0.   10.    6.67 17.37 11.    0.
  1.    0.    0.  ]
[ 7.86  6.    8.    7.    0.    6.    0.   10.    8.58 15.41 11.    0.
  1.    0.    0.  ]
[ 9.07  4.    8.    2.    0.    0.    0.   10.    7.88 14.06 11.    0.
  1.    1.    2.  ]
[ 3.11  5.   10.    5.    0.    1.    1.    7.    5.8   3.04  6.    0.
  1.    3.    0.  ]
[ 3.59  2.    7.   10.    0.    1.    1.   10.    4.06  6.31 11.    0.
  1.    1.    0.  ]
[ 8.55  6.    0.   11.    1.    4.    0.   11.    7.16 14.05  1.    0.
  1.    0.    2.  ]
[ 1.02  4.    2.    2.    0.    0.    0.    3.    3.05  1.52 11.    0.
  1.    0.    3.  ]
[ 3.18  6.    7.   10.    0.    1.    1.   10.    3.23  5.43 11.    0.
  1.    1.    0.  ]
[5.02 6.   8.   2.   0.   0.   1.   5.   4.16 3.64 3.   1.   3.   0.
 3.  ]
[ 7.59  6.    3.    5.    1.    4.    0.    5.    6.82 16.33  6.    1.
  5.    0.    2.  ]
[ 8.08  2.    7.   10.    1.    2.    0.    3.    9.87 17.34 11.    1.
  6.    4.    2.  ]
[ 6.1   6.    8.   11.    0.    2.    0.   10.    6.4  14.12 12.    1.
  2.    0.    2.  ]
[10.97  2.   10.   10.    0.    2.    0.   10.   14.12 12.4  11.    1.
  0.    1.    3.  ]
[0.88 2.   2.   5.   1.   0.   0.   7.   5.52 1.03 6.   0.   1.   0.
 0.  ]
[ 8.83  6.    8.    5.    1.    4.    0.    5.    7.53 18.34  6.    1.
  5.    0.    0.  ]
[10.21  6.    4.    5.    1.    2.    0.    7.    8.91 16.45 11.    1.
  5.    0.    0.  ]
[ 6.53  5.    8.    5.    0.    1.    0.   10.    4.88  8.48 11.    0.
  1.    0.    0.  ]
[ 7.85  6.    1.   11.    0.    6.    0.   10.    6.51 13.26 11.    0.
  1.    0.    0.  ]
[ 1.51  6.    7.   11.    0.    1.    0.   10.    5.3   1.39 12.    0.
  1.    0.    0.  ]
[ 6.74  6.    8.   10.    0.    2.    0.   10.    6.39 12.09 11.    1.
  2.    0.    0.  ]
[ 3.33  6.    7.   10.    0.    1.    1.   10.    2.51  4.88 11.    0.
  1.    4.    0.  ]
[5.74 6.   3.   5.   0.   6.   0.   5.   5.96 6.48 6.   1.   6.   0.
 0.  ]
[ 5.71  1.    8.    5.    0.    3.    2.    2.    5.96 19.93  6.    0.
  1.    0.    1.  ]
[4.94 2.   3.   2.   0.   5.   1.   3.   4.47 9.29 3.   0.   1.   0.
 0.  ]
[2.63 5.   0.   5.   1.   1.   0.   7.   3.67 5.6  3.   0.   1.   0.
 0.  ]
[ 8.66  2.    1.    0.    0.    0.    0.    0.    5.05 19.91 11.    1.
  1.    0.    0.  ]
[ 6.7   6.    8.    5.    0.    4.    1.   11.    5.81 10.51  6.    0.
  1.    2.    2.  ]
[ 8.82  6.    3.    5.    1.    4.    0.   11.    7.71 22.43  6.    0.
  1.    0.    0.  ]
[ 5.57  3.    6.    5.    0.    3.    2.    2.    8.17 51.94  6.    0.
  1.    3.    0.  ]
[ 3.67  2.    3.    5.    0.    0.    0.    5.    5.15  6.3  11.    0.
  1.    0.    2.  ]
[ 8.38  2.    8.   11.    0.    0.    0.   10.    6.24 14.97  3.    0.
  1.    0.    3.  ]
[11.98  5.    8.    9.    0.    5.    0.    9.    8.46 23.61 10.    0.
  1.    0.    0.  ]
[ 6.77  6.    8.    5.    0.    2.    0.   10.   13.07 12.12 11.    0.
  1.    0.    2.  ]
[ 2.91  0.   10.    5.    0.    0.    0.    4.    6.24  2.7  11.    0.
  1.    0.    2.  ]
[ 8.13  5.    8.    2.    0.    5.    0.    9.    6.54 18.32 10.    0.
  1.    0.    0.  ]
[ 1.2   4.    2.   10.    0.    0.    0.    3.    3.65  1.85 11.    0.
  1.    0.    1.  ]
[ 6.13  6.    7.    5.    0.    6.    0.   10.    7.27  9.15  6.    0.
  1.    3.    0.  ]
[ 4.51  6.    8.   10.    0.    6.    0.    5.    7.54  8.35 11.    1.
  1.    1.    1.  ]
[1.5  1.   2.   5.   0.   0.   0.   3.   4.91 1.45 3.   0.   1.   3.
 0.  ]
[ 9.19  6.    1.    4.    0.    6.    0.   10.    7.63 22.84 11.    0.
  1.    0.    0.  ]
[ 7.96  5.    8.    2.    0.    5.    0.    3.    7.03 18.31 10.    0.
  1.    0.    0.  ]
[ 7.3   6.    8.    2.    0.    0.    0.   10.    7.76 12.52 11.    0.
  1.    1.    0.  ]
[ 6.89  6.    7.    0.    0.    6.    0.   10.    7.6  10.8   6.    0.
  1.    3.    3.  ]
[ 7.37  2.    8.   11.    0.    0.    0.   10.    5.97 16.02  3.    0.
  1.    0.    2.  ]
[10.46  2.    8.    5.    1.    0.    0.   10.   12.31 19.81 11.    1.
  2.    0.    0.  ]
[10.76  6.    1.   11.    0.    6.    0.   10.    7.93 23.62 11.    0.
  1.    0.    2.  ]
[2.23 6.   0.   7.   0.   0.   0.   1.   3.77 5.89 7.   0.   1.   4.
 0.  ]
[ 6.86  6.    8.   11.    0.    2.    0.   10.    6.15 12.62 12.    1.
  2.    0.    0.  ]
[ 9.52  2.    1.    0.    0.    0.    0.    0.    4.51 18.68 11.    1.
  1.    0.    0.  ]
[ 1.55  6.    9.    2.    0.    0.    1.    4.    5.1   2.58 11.    0.
  1.    1.    2.  ]
[ 9.59  3.    8.    5.    0.    0.    0.   10.    5.02 26.32  6.    0.
  1.    0.    0.  ]
[ 9.84  2.    7.   10.    0.    5.    0.   10.    7.41 32.16 11.    0.
  1.    0.    1.  ]
[21.24  4.    9.    5.    0.    4.    0.   10.   11.98 50.27  6.    0.
  1.    0.    0.  ]
[ 6.96  1.    3.    5.    0.    2.    0.   10.   13.69 13.76  6.    0.
  1.    0.    2.  ]
[ 3.99  6.    8.   11.    0.    6.    0.    5.    5.72  3.73 11.    0.
  1.    0.    0.  ]
[10.85  5.    8.    2.    0.    5.    0.    3.    8.76 22.5  10.    0.
  1.    1.    0.  ]
[0.98 6.   2.   1.   1.   0.   0.   7.   5.95 0.96 6.   0.   1.   0.
 0.  ]
[ 6.47  2.    2.    5.    0.    5.    0.    5.    9.25 13.26  7.    0.
  1.    0.    0.  ]
[5.66 6.   3.   5.   0.   6.   0.   5.   5.61 6.06 6.   1.   6.   0.
 2.  ]
[1.18 1.   2.   1.   1.   0.   0.   7.   5.1  1.01 6.   0.   1.   0.
 2.  ]
[ 6.33  2.    7.    5.    0.    5.    0.   10.    6.16 10.34  6.    0.
  1.    1.    0.  ]
[ 5.66  6.    3.   11.    1.    6.    0.   11.    8.15 16.84 11.    0.
  1.    0.    0.  ]
[ 4.96  6.    8.    5.    0.    2.    0.   10.   12.16 11.86 11.    0.
  1.    0.    0.  ]
[ 8.72  6.    8.    5.    1.    4.    0.   11.    7.87 17.64  6.    1.
  5.    0.    0.  ]
[10.76  6.   10.    5.    1.    2.    0.    7.    9.54 18.58 11.    1.
  3.    3.    0.  ]
[ 5.4   5.    8.    5.    0.    1.    0.   10.    4.89  9.04 11.    0.
  1.    0.    2.  ]
[ 7.47  6.   10.   10.    0.    2.    0.    7.    4.67 12.58 11.    1.
  0.    1.    0.  ]
[ 4.52  2.    8.   11.    0.    6.    0.    5.    5.95  3.6  11.    0.
  1.    0.    0.  ]
[ 7.14  6.    3.    5.    0.    0.    1.    5.    6.62  6.06 11.    1.
  3.    0.    2.  ]
[ 6.66  6.    8.    5.    1.    4.    0.    3.    9.84 23.65 11.    0.
  1.    0.    0.  ]
[19.44  4.    0.    6.    0.    4.    0.   10.   16.17 36.77 11.    0.
  1.    0.    0.  ]
[ 5.1   6.    8.    6.    0.    0.    1.   11.    8.5   6.95  7.    0.
  1.    0.    0.  ]
[ 3.86  6.    8.   10.    0.    0.    0.    8.    5.67  7.33  9.    0.
  1.    0.    0.  ]
[ 6.06  6.    0.   11.    1.    4.    0.   11.    6.69 14.23 12.    0.
  1.    0.    2.  ]
[ 2.64  6.    3.    5.    0.    0.    0.    5.    5.85  5.65 11.    0.
  1.    0.    0.  ]
[ 7.79  2.    8.    6.    0.    5.    0.    5.   10.19 12.68  6.    0.
  1.    0.    0.  ]
[ 1.11  4.    2.    2.    0.    0.    0.    3.    3.79  1.83 11.    0.
  1.    0.    0.  ]
[15.27  6.    9.    5.    0.    4.    0.   11.   14.68 54.33  6.    0.
  1.    0.    0.  ]
[ 5.24  1.    8.    5.    0.    3.    2.    2.    5.37 17.18  6.    0.
  1.    0.    1.  ]
[ 3.6   2.    8.   11.    0.    6.    0.    5.    6.28  3.64 11.    0.
  1.    0.    2.  ]
[ 1.41  6.    2.    5.    0.    1.    0.   10.    4.81  1.83 12.    0.
  1.    0.    0.  ]
[12.01  2.    8.    2.    0.    1.    0.   10.    2.61 13.71 11.    0.
  1.    0.    3.  ]
[ 5.8   5.    8.   11.    0.    0.    0.   10.    5.84 13.78  3.    0.
  1.    0.    0.  ]
[ 9.01  6.    0.   11.    1.    4.    0.    8.    6.27 12.55 12.    0.
  1.    0.    0.  ]
[ 4.66  4.    7.   10.    0.    2.    0.    5.    3.98 11.84 11.    1.
  0.    1.    2.  ]
[ 7.45  6.    3.    5.    0.    4.    1.   11.    7.65 11.77  6.    0.
  1.    0.    0.  ]
[ 8.55  2.    8.    5.    1.    0.    0.   10.   10.29 13.07 11.    1.
  2.    0.    0.  ]
[ 7.42  6.    0.    5.    1.    4.    0.    8.    6.45 12.37 12.    0.
  1.    0.    0.  ]
[3.63 6.   7.   6.   0.   4.   0.   5.   4.91 9.46 1.   0.   1.   0.
 0.  ]
[ 3.33  5.    8.   11.    0.    3.    2.    2.    7.08  7.31  7.    0.
  1.    0.    0.  ]
[ 9.01  5.    8.   10.    1.    1.    0.    6.    5.59 16.37 11.    0.
  1.    0.    0.  ]
[3.42 2.   0.   5.   1.   1.   0.   7.   4.95 6.37 6.   0.   1.   0.
 0.  ]
[ 8.62  3.    8.    5.    0.    0.    0.   10.    4.06 22.49  6.    0.
  1.    0.    0.  ]
[12.25  6.   10.    1.    0.    0.    0.   10.    6.35 21.94  6.    1.
  0.    0.    0.  ]
[ 3.31  6.    7.   10.    0.    1.    1.   10.    3.41  5.65 11.    0.
  1.    4.    0.  ]
[ 7.97  2.    8.    5.    0.    5.    0.    5.    9.35 12.34  7.    0.
  1.    0.    0.  ]
[ 7.52  6.    7.    3.    0.    0.    0.   10.    4.97 14.56 11.    0.
  1.    0.    0.  ]
[ 8.16  2.    7.    5.    0.    5.    0.   10.    5.94  9.68 11.    0.
  1.    1.    0.  ]
[ 8.88  6.    3.    5.    1.    4.    0.   11.    8.36 21.87  6.    0.
  1.    0.    0.  ]
[ 7.97  6.    7.   11.    0.    0.    1.   10.    8.69 12.56  6.    1.
  1.    0.    2.  ]
[ 7.59  2.    8.    7.    0.    6.    0.   10.    6.91 17.89 11.    0.
  1.    0.    2.  ]
[ 9.75  4.   10.    5.    1.    2.    0.    7.    8.47 16.51 11.    1.
  3.    0.    0.  ]
[ 0.8   4.    2.    2.    0.    0.    0.    3.    2.55  1.47 11.    0.
  1.    0.    0.  ]
[ 1.63  2.    9.    5.    0.    0.    1.    3.    5.43  2.71 11.    0.
  1.    1.    2.  ]
[ 8.78  6.    8.    5.    1.    0.    0.   10.    9.54 17.55 11.    1.
  2.    0.    0.  ]
[ 6.36  2.   10.   10.    0.    2.    0.    7.    5.61 13.01 11.    1.
  0.    4.    2.  ]
[12.71  5.    8.    7.    1.    1.    0.    6.    6.08 17.52 11.    0.
  1.    0.    0.  ]
[ 4.71  2.   10.    5.    0.    5.    0.    3.    4.45  7.64 11.    0.
  1.    0.    0.  ]
[ 6.74  6.    8.   10.    0.    2.    0.   10.    5.92 12.06 12.    1.
  2.    0.    2.  ]
[ 7.14  2.    2.    6.    0.    5.    0.    5.    8.14 11.63  7.    0.
  1.    0.    0.  ]
[3.98 2.   0.   5.   1.   1.   0.   7.   4.72 6.23 3.   0.   1.   0.
 2.  ]
[ 8.64  6.    1.   11.    0.    6.    0.   10.    8.48 18.15 11.    0.
  1.    0.    2.  ]
[ 5.98  4.    8.    5.    0.    3.    2.    2.    5.39 18.52  6.    0.
  1.    0.    1.  ]
[ 1.48  2.    9.    2.    0.    0.    1.    4.    4.71  2.46 11.    0.
  1.    0.    3.  ]
[ 0.71  0.    2.    2.    0.    0.    0.    3.    2.44  1.35 11.    0.
  1.    0.    1.  ]
[11.4   2.    1.    0.    0.    0.    0.    0.    4.49 18.85 11.    1.
  1.    0.    0.  ]
[ 0.71  1.    2.    5.    1.    0.    0.   10.    4.82  0.95  6.    0.
  1.    0.    2.  ]
[10.87  6.    1.   11.    0.    6.    0.   10.    7.99 23.42 11.    0.
  1.    0.    0.  ]
[4.18 0.   2.   5.   0.   0.   1.   3.   5.16 3.75 3.   0.   1.   0.
 3.  ]
[ 5.41  5.    8.    5.    0.    1.    0.   10.    5.39  8.34 11.    0.
  1.    2.    0.  ]
[ 6.67  5.    9.   11.    0.    3.    2.    2.    5.12 14.7  12.    0.
  1.    0.    0.  ]
[ 4.43  6.    3.    5.    0.    0.    1.   11.    6.67  5.32  6.    0.
  1.    0.    0.  ]
[ 8.87  5.    8.   10.    1.    1.    0.   11.    5.26 21.28 11.    0.
  1.    0.    0.  ]
[ 1.36  2.    9.    2.    0.    0.    1.    3.    4.75  2.43 11.    0.
  1.    0.    3.  ]
[3.53 0.   2.   5.   0.   0.   1.   3.   5.08 2.71 3.   0.   1.   0.
 1.  ]
[12.14  2.    7.    1.    0.    0.    1.   10.    9.25 16.07  6.    1.
  1.    0.    3.  ]
[ 3.75  6.    8.    5.    0.    1.    0.    6.    6.44  8.34 11.    0.
  1.    0.    0.  ]
[ 5.5   6.   10.    2.    0.    5.    0.   10.    4.83  7.96 11.    0.
  1.    0.    2.  ]
[ 5.12  6.    8.   11.    0.    6.    0.    5.    7.01  3.87 11.    0.
  1.    0.    2.  ]
[ 8.89  2.    7.   10.    0.    2.    0.   10.   19.43 11.24 11.    1.
  0.    1.    3.  ]
[ 8.99  6.    3.    5.    1.    4.    0.   11.    8.61 22.31  6.    0.
  1.    0.    0.  ]
[ 7.38  6.    8.    5.    0.    0.    0.   10.    8.41 14.03  3.    0.
  1.    0.    0.  ]
[ 9.51  6.    3.    5.    1.    4.    0.   11.    7.42 17.87  6.    1.
  5.    0.    0.  ]
[ 5.06  6.    9.   11.    0.    3.    2.    2.    4.78 13.19 12.    0.
  1.    0.    0.  ]
[ 4.69  6.    8.   10.    0.    6.    0.    5.    7.84  9.51 11.    1.
  1.    0.    2.  ]
[ 7.47  5.    8.    5.    0.    0.    0.   10.    3.56 21.8   6.    0.
  1.    0.    2.  ]
[ 6.06  5.    9.   11.    0.    3.    2.    2.    4.45 11.7  12.    0.
  1.    0.    0.  ]
[ 8.13  4.    8.    5.    0.    0.    0.   10.    7.93 13.81  3.    0.
  1.    0.    0.  ]
[ 7.31  6.    8.    5.    1.    4.    0.    3.   11.66 25.89 11.    0.
  1.    0.    0.  ]
[ 3.02  2.    7.   10.    0.    1.    1.   10.    3.19  5.57 11.    0.
  1.    1.    3.  ]
[13.92  2.   10.   10.    0.    0.    0.   10.   24.88 19.84  6.    1.
  4.    0.    2.  ]
[ 1.45  6.    8.    5.    0.    1.    0.   10.    5.57  1.83 12.    0.
  1.    2.    0.  ]
[19.24  4.    8.    5.    0.    4.    0.   11.   16.09 70.93  6.    0.
  1.    0.    0.  ]
[ 9.5   2.    8.    5.    0.    5.    0.    0.    6.6  19.03 10.    0.
  1.    0.    3.  ]
[ 2.59  6.    8.    9.    0.    0.    1.   10.    5.77  4.74 11.    0.
  1.    0.    0.  ]
[ 6.08  5.    8.    5.    0.    1.    0.   10.    4.58  7.64 11.    0.
  1.    0.    2.  ]
[11.85  5.    8.   10.    1.    1.    0.    7.    5.46 23.41 11.    0.
  1.    0.    0.  ]
[ 8.52  2.    2.    5.    0.    5.    0.    5.    9.6  12.93  7.    0.
  1.    0.    0.  ]
[ 6.63  5.    8.   11.    0.    0.    0.   10.    5.61 15.24  3.    0.
  1.    0.    3.  ]
[ 8.17  6.    8.    5.    0.    4.    1.   11.    7.8  12.83  6.    0.
  1.    0.    2.  ]
[ 6.79  6.    7.    6.    0.    1.    1.    0.    6.54 12.36 11.    0.
  1.    4.    0.  ]
[ 5.62  2.   10.    5.    0.    5.    0.    3.    3.76  6.73 11.    0.
  1.    0.    2.  ]
[4.13 2.   2.   5.   0.   0.   1.   3.   4.58 3.27 3.   0.   1.   0.
 1.  ]
[ 4.    0.    2.   10.    0.    6.    1.   10.    4.37  2.98 12.    0.
  1.    1.    2.  ]
[ 4.47  2.    8.    5.    0.    0.    1.   10.    7.5   6.4   7.    0.
  1.    0.    1.  ]
[ 5.26  6.    8.   11.    0.    6.    0.   10.    7.06  4.52 11.    0.
  1.    0.    0.  ]
[ 1.52  2.    9.    5.    0.    0.    1.    4.    4.74  2.34 11.    0.
  1.    1.    0.  ]
[ 7.59  2.   10.    5.    0.    2.    0.    7.    4.45 12.66 11.    1.
  6.    7.    0.  ]
[ 7.2   6.    3.   11.    1.    6.    0.   11.    7.97 16.33 11.    0.
  1.    0.    0.  ]
[ 3.95  6.    8.   10.    0.    6.    0.   10.    7.46  6.87  6.    1.
  1.    1.    2.  ]
[ 8.92  6.    8.    5.    1.    4.    0.    5.    7.56 18.51  6.    1.
  5.    0.    0.  ]
[4.32 2.   8.   5.   0.   1.   0.   6.   6.27 7.37 7.   0.   1.   0.
 3.  ]
[ 6.73  2.   10.   10.    0.    2.    0.    4.    4.58 12.   11.    1.
  0.    1.    2.  ]
[ 7.25  2.    3.    5.    0.    5.    0.    5.    8.66 12.1   6.    0.
  1.    0.    0.  ]
[ 6.54  2.    9.   11.    0.    3.    2.    2.    5.12 16.13 12.    0.
  1.    0.    0.  ]
[ 4.77  6.    8.    6.    0.    4.    0.    5.    5.1  10.8   1.    0.
  1.    0.    0.  ]
[ 8.37  6.    7.    9.    0.    0.    0.   10.    3.42 15.05 11.    0.
  1.    0.    0.  ]
[0.97 6.   2.   1.   1.   0.   0.   7.   5.68 0.99 6.   0.   1.   0.
 2.  ]
[ 5.77  5.    0.    6.    0.    1.    1.    6.    6.01 13.24 11.    0.
  1.    0.    0.  ]
[ 4.91  1.    8.    5.    0.    3.    2.    2.    5.58 19.63  6.    0.
  1.    3.    1.  ]
[ 1.39  6.    7.   11.    0.    0.    0.   10.    5.34  1.98 12.    0.
  1.    2.    2.  ]
[ 3.22  0.    2.   10.    0.    6.    1.   10.    3.86  2.85 12.    0.
  1.    1.    2.  ]
[ 3.95  2.    8.   11.    0.    6.    0.   10.    6.03  3.79 11.    0.
  1.    0.    0.  ]
[ 4.98  6.    3.   11.    0.    4.    0.   11.    7.54 15.83 12.    1.
  1.    0.    2.  ]
[4.5  6.   3.   5.   0.   6.   0.   5.   5.2  5.64 6.   1.   6.   0.
 3.  ]
[ 7.8   6.    8.    5.    0.    4.    1.   11.    7.7  12.82  6.    0.
  1.    2.    2.  ]
[ 8.36  6.    6.   10.    0.    1.    0.    7.    3.47  9.21 11.    0.
  1.    0.    0.  ]
[ 5.85  5.    8.    5.    0.    1.    0.   10.    5.39  8.71 11.    0.
  1.    0.    2.  ]
[ 5.81  6.    3.    5.    0.    0.    1.   11.    6.86  5.48  6.    0.
  1.    0.    1.  ]
[ 8.28  5.    8.   11.    0.    0.    0.   10.    6.37 16.87 11.    0.
  1.    0.    3.  ]
[ 5.84  6.    8.   11.    1.    6.    0.   11.    7.59 15.75 11.    0.
  1.    0.    0.  ]
[ 8.52  2.    1.    0.    0.    0.    0.    0.    5.09 19.79 11.    1.
  1.    0.    0.  ]
[5.33 2.   3.   2.   0.   5.   1.   3.   4.72 9.85 3.   0.   1.   0.
 2.  ]
[10.93  6.    4.    5.    1.    2.    0.    7.    8.78 17.39 11.    1.
  5.    3.    0.  ]
[ 7.54  6.    8.   11.    0.    4.    0.   11.    7.34 14.79 12.    1.
  1.    0.    0.  ]
[ 7.    2.   10.    5.    0.    2.    0.    5.    5.48 14.07 11.    1.
  3.    7.    0.  ]
[ 9.38  4.    8.    5.    0.    0.    0.   10.    7.35 13.86 11.    0.
  1.    0.    2.  ]
[ 9.    6.    4.    5.    1.    2.    0.    7.    8.48 16.32 11.    1.
  5.    3.    0.  ]
[ 8.06  6.    1.    4.    0.    6.    0.   10.    6.97 18.   11.    0.
  1.    0.    0.  ]
[ 2.77  6.    8.    0.    0.    0.    1.   10.    6.98  4.74 11.    0.
  1.    0.    2.  ]
[ 2.84  6.    8.    0.    0.    0.    1.    9.    6.78  5.33 11.    0.
  1.    0.    3.  ]
[20.12  2.    7.   10.    0.    0.    1.   11.    8.6  26.24 11.    0.
  1.    0.    0.  ]
[ 9.49  6.    7.    5.    0.    2.    0.   10.    8.43 11.13 11.    0.
  1.    0.    1.  ]
[10.83  6.    8.    5.    1.    0.    0.   10.   11.48 16.76 11.    1.
  2.    0.    0.  ]
[ 8.59  6.    7.   10.    0.    5.    0.   10.    6.93 29.67 11.    0.
  1.    4.    2.  ]
[11.06  2.    1.    5.    0.    0.    0.   10.    6.66 23.36 11.    0.
  1.    3.    0.  ]
[10.29  2.   10.   10.    0.    2.    0.    7.   24.78 12.81 11.    1.
  0.    6.    1.  ]
[10.32  6.    7.    5.    0.    2.    0.   10.    6.98  9.86 11.    0.
  1.    0.    2.  ]
[ 3.45  2.    8.    5.    0.    1.    0.    6.    5.72  6.74 11.    0.
  1.    0.    3.  ]
[ 6.57  1.    8.    5.    0.    2.    0.   10.   13.41 11.69 11.    0.
  1.    0.    2.  ]
[ 7.02  6.    0.    5.    1.    4.    0.   11.    5.33 11.61 12.    0.
  1.    0.    2.  ]
[ 7.5   2.    7.    5.    0.    5.    0.   10.    6.84 11.29  6.    0.
  1.    3.    2.  ]
[ 5.47  2.   10.    5.    0.    5.    0.    3.    4.35  7.06 11.    0.
  1.    0.    2.  ]
[12.86  6.    0.    1.    0.    4.    0.   10.   17.07 35.37 11.    0.
  1.    0.    0.  ]
[ 2.7   2.    3.    5.    0.    0.    0.    5.    5.67  6.91 11.    0.
  1.    0.    2.  ]
[ 6.92  4.    7.   10.    0.    2.    0.    5.    4.85 13.39 11.    1.
  0.    4.    2.  ]
[ 5.06  6.   10.    2.    0.    5.    0.   10.    4.46  7.09 11.    0.
  1.    0.    2.  ]
[ 6.78  6.    8.    5.    0.    4.    1.   11.    6.11 11.14  6.    0.
  1.    2.    2.  ]
[ 7.03  4.   10.   10.    0.    2.    0.    7.    4.49 11.76 11.    1.
  0.    1.    0.  ]
[ 4.04  2.    8.    5.    0.    1.    0.    6.    5.92  7.24 11.    0.
  1.    0.    0.  ]
[ 8.23  2.    9.    7.    0.    5.    0.    7.    4.86 10.06  8.    0.
  1.    0.    0.  ]
[10.65  6.    4.    5.    0.    0.    0.    5.   11.94 15.07  6.    0.
  1.    2.    0.  ]
[ 1.08  6.    2.   10.    0.    0.    1.   10.    2.89  1.39  6.    0.
  1.    3.    0.  ]
[ 2.87  5.    0.   10.    0.    0.    1.    7.    3.82  2.58 11.    0.
  1.    1.    0.  ]
[ 9.18  5.    8.    7.    1.    1.    0.    7.    7.31 14.87  8.    1.
  1.    0.    0.  ]
[ 2.75  5.    7.   10.    0.    1.    0.   10.    3.04  7.67 11.    0.
  1.    1.    0.  ]
[14.99  2.    2.    1.    0.    2.    0.   10.   17.08 17.14 11.    1.
  2.    0.    0.  ]
[ 8.36  6.    8.    5.    0.    0.    1.   10.    9.2  28.16 11.    0.
  1.    0.    0.  ]
[ 8.42  6.    3.    8.    0.    0.    0.   10.   10.96 13.85 11.    1.
  2.    0.    2.  ]
[12.78  2.    8.    2.    1.    1.    0.   10.    5.3  27.75  9.    0.
  1.    0.    0.  ]
[0.73 6.   8.   6.   0.   1.   0.   6.   4.42 0.99 7.   0.   1.   1.
 2.  ]
[3.4  6.   5.   5.   0.   5.   0.   7.   4.38 3.06 6.   0.   1.   1.
 2.  ]
[ 4.11  0.    8.    5.    0.    0.    0.    4.   11.11  7.12 11.    1.
  1.    1.    0.  ]
[ 2.07  2.    4.    3.    0.    0.    0.    7.    3.39  2.55 11.    0.
  1.    1.    2.  ]
[ 1.06  6.    7.   11.    0.    3.    2.    2.    3.62  5.93 12.    0.
  1.    0.    2.  ]
[13.43  2.    8.    2.    1.    1.    0.    5.    5.39 26.39  9.    0.
  1.    3.    0.  ]
[ 4.67  6.    8.   11.    0.    5.    1.   11.    5.54 12.34 12.    0.
  1.    0.    0.  ]
[ 2.92  3.    8.    3.    0.    3.    2.    2.    3.03 14.9   6.    0.
  1.    0.    0.  ]
[3.14 3.   6.   2.   0.   3.   2.   2.   0.   0.   2.   0.   1.   0.
 2.  ]
[18.52  2.    5.   10.    1.    1.    1.   10.    6.94 29.1  11.    0.
  1.    0.    0.  ]
[ 3.69  2.    0.    5.    0.    6.    0.   11.    4.26  2.65  6.    0.
  1.    3.    2.  ]
[10.92  6.    8.    5.    0.    0.    1.   10.   10.36 29.64 11.    0.
  1.    0.    2.  ]
[ 3.3   2.    7.    6.    0.    0.    0.   11.    3.46  6.5  12.    0.
  1.    2.    0.  ]
[ 2.13  6.    4.    4.    0.    0.    0.   10.    4.73  2.53 11.    0.
  1.    1.    0.  ]
[ 8.85  6.    3.    1.    0.    6.    1.   10.    6.89 18.45 11.    0.
  1.    0.    0.  ]
[1.58 6.   2.   5.   0.   1.   1.   5.   2.13 2.59 6.   0.   1.   2.
 2.  ]
[ 8.99  6.   10.    5.    0.    0.    0.   11.    7.98  9.68  6.    1.
  1.    0.    0.  ]
[20.7   5.    5.   10.    1.    1.    1.    5.    7.67 29.77 11.    0.
  1.    0.    2.  ]
[20.65  5.    0.    5.    0.    1.    0.   11.    6.51 40.72  6.    0.
  1.    0.    0.  ]
[8.21 2.   9.   7.   0.   5.   0.   7.   4.29 9.63 8.   0.   1.   0.
 0.  ]
[ 2.08  4.    8.    5.    0.    0.    0.    5.    7.77  2.68 12.    1.
  0.    4.    1.  ]
[ 9.43  2.   10.    1.    0.    5.    0.   11.    6.07 16.41 12.    0.
  1.    0.    0.  ]
[ 6.    4.   10.    5.    0.    0.    0.    3.    8.5  12.27 11.    1.
  7.    1.    3.  ]
[ 9.52  6.   10.    6.    0.    0.    0.   11.   13.29 23.48 12.    1.
  6.    0.    0.  ]
[ 5.63  4.   10.    2.    0.    0.    0.    3.    6.5   9.81 11.    1.
  7.    1.    2.  ]
[ 3.15  6.    7.    6.    0.    1.    0.   11.    3.03  5.02 12.    0.
  1.    2.    0.  ]
[10.06  2.    8.    5.    0.    6.    0.   10.   10.08 12.01 11.    0.
  1.    0.    2.  ]
[ 8.45  2.    3.    1.    0.    6.    1.   10.    6.06 18.23 11.    0.
  1.    0.    0.  ]
[ 3.2   2.    0.    5.    0.    6.    0.   11.    4.9   2.92  6.    0.
  1.    3.    2.  ]
[11.77  2.    8.    5.    0.    2.    0.   10.   10.73 10.74 11.    1.
  0.    0.    2.  ]
[10.77  2.    3.    8.    0.    0.    0.   10.   11.18 16.77 11.    1.
  5.    0.    2.  ]
[23.97  2.    7.    5.    0.    1.    0.   11.    7.78 47.51  4.    0.
  1.    0.    0.  ]
[ 6.14  2.    8.   11.    0.    5.    1.   11.    6.07 13.45 12.    0.
  1.    0.    0.  ]
[ 6.68  6.   10.   11.    0.    0.    0.   11.    9.91 10.93  6.    1.
  1.    0.    2.  ]
[ 5.23  1.    5.   10.    1.    6.    0.    7.    7.37 11.99 11.    0.
  1.    0.    0.  ]
[ 0.97  6.    2.   10.    0.    0.    1.   10.    2.74  1.31  6.    0.
  1.    3.    0.  ]
[ 4.49  6.    8.   11.    0.    5.    1.   11.    5.84 13.92 12.    0.
  1.    0.    0.  ]
[ 7.5   0.    8.   10.    0.    2.    0.   10.   13.26 13.82 11.    1.
  0.    0.    0.  ]
[ 7.31  6.    9.    1.    0.    6.    0.   10.   14.55  7.69  6.    0.
  1.    0.    0.  ]
[5.   6.   4.   6.   0.   2.   0.   4.   5.82 6.69 7.   0.   1.   4.
 2.  ]
[1.59 6.   8.   5.   0.   0.   0.   4.   4.78 2.47 6.   0.   1.   1.
 2.  ]
[7.7  5.   8.   1.   1.   1.   0.   0.   7.77 8.23 1.   0.   1.   0.
 0.  ]
[ 2.57  5.    9.    6.    1.    1.    0.   11.    3.17  6.33  6.    0.
  1.    0.    0.  ]
[ 7.08  6.    8.    5.    0.    6.    0.   10.   15.26  7.43  6.    0.
  1.    0.    2.  ]
[ 0.79  6.    8.    6.    0.    1.    0.    6.    3.81  0.96 12.    0.
  1.    1.    2.  ]
[ 4.73  6.    8.    1.    0.    0.    0.   10.    3.39 11.36 12.    0.
  1.    0.    0.  ]
[18.37  6.    0.    3.    0.    4.    0.   11.    5.42 37.22  6.    0.
  1.    0.    0.  ]
[ 2.93  3.    8.    3.    0.    3.    2.    2.    3.44 14.52  6.    0.
  1.    0.    2.  ]
[ 7.63  2.   10.    1.    0.    5.    0.   11.    7.19 18.61 12.    0.
  1.    0.    0.  ]
[8.79 6.   7.   5.   0.   5.   0.   5.   5.75 8.3  6.   0.   1.   0.
 0.  ]
[ 8.54  0.   10.   10.    0.    0.    0.    7.   16.99 18.77 11.    0.
  1.    0.    0.  ]
[ 4.95  2.    8.    9.    0.    0.    0.   10.    5.58  9.02 12.    0.
  1.    0.    2.  ]
[1.51 3.   5.   5.   0.   0.   0.   5.   3.9  1.51 6.   0.   1.   0.
 3.  ]
[ 7.44  0.   10.    5.    0.    0.    0.    4.   15.88 17.55 11.    0.
  1.    0.    0.  ]
[3.36 5.   9.   5.   1.   1.   0.   5.   3.93 6.46 6.   0.   1.   0.
 2.  ]
[ 2.23  4.    8.    5.    0.    0.    0.    5.    6.57  2.38 12.    1.
  0.    4.    0.  ]
[ 9.39  3.    8.    5.    0.    3.    2.    2.    3.66 25.43  6.    0.
  1.    0.    2.  ]
[4.33 3.   7.   2.   0.   3.   2.   2.   0.   0.   2.   1.   1.   0.
 2.  ]
[ 7.6   6.    9.    7.    0.    5.    0.    7.    4.15 10.1   8.    0.
  1.    0.    0.  ]
[ 4.59  5.    8.    9.    0.    0.    0.   10.    5.33  8.04 12.    0.
  1.    0.    2.  ]
[ 1.01  6.    2.   10.    0.    0.    1.   10.    3.21  1.77  6.    0.
  1.    0.    2.  ]
[ 4.62  1.    5.   11.    1.    6.    0.    7.    8.02 12.59 11.    0.
  1.    0.    2.  ]
[ 6.96  5.    8.   11.    0.    6.    0.   11.    5.75 14.26 12.    0.
  1.    0.    0.  ]
[ 2.95  0.    9.    8.    0.    0.    0.    8.    5.92  7.23 12.    0.
  1.    4.    0.  ]
[ 4.23  5.    9.    9.    0.    0.    0.    3.    6.4   5.82 10.    0.
  1.    3.    2.  ]
[ 3.41  5.    0.   10.    0.    0.    1.    7.    3.46  2.55 11.    0.
  1.    1.    0.  ]
[14.87  2.    5.    5.    0.    1.    0.   11.    5.53 36.73  6.    0.
  1.    0.    0.  ]
[15.27  2.    3.    1.    0.    2.    0.   10.   17.82 18.21 11.    1.
  5.    0.    0.  ]
[ 2.77  6.    2.    1.    0.    0.    0.   10.    6.86  2.56 11.    0.
  1.    0.    0.  ]
[ 8.74  3.    8.    5.    0.    3.    2.    2.    2.75 23.08  6.    0.
  1.    0.    2.  ]
[ 7.16  2.    0.    1.    1.    1.    0.   11.    6.34  8.4   1.    0.
  1.    0.    2.  ]
[ 4.27  3.    8.   10.    0.    3.    2.    2.    5.6  31.39 11.    1.
  1.    5.    0.  ]
[6.7  5.   8.   1.   1.   1.   0.   7.   6.54 5.88 1.   0.   1.   0.
 0.  ]
[3.5  6.   8.   5.   0.   6.   0.   7.   8.28 4.11 6.   0.   1.   0.
 0.  ]
[11.7   4.    8.    5.    0.    4.    0.   10.   10.53 31.02  6.    0.
  1.    0.    2.  ]
[ 6.49  0.    8.   10.    0.    2.    0.   10.   12.98 12.03 11.    1.
  3.    0.    0.  ]
[18.07  2.    0.    5.    0.    1.    0.   11.    6.32 36.93  6.    0.
  1.    0.    0.  ]
[ 3.57  2.   10.    5.    0.    2.    0.    5.    4.4   3.41 11.    1.
  0.    0.    0.  ]
[13.84  6.    5.    5.    1.    4.    0.   11.    9.12 31.6  12.    0.
  1.    0.    0.  ]
[ 4.9   0.    3.    5.    0.    0.    0.    5.    9.91  4.79 11.    1.
  1.    1.    3.  ]
[10.53  3.    8.    1.    0.    3.    2.    2.    3.4  24.92  6.    0.
  1.    0.    1.  ]
[ 7.59  4.    2.    5.    0.    2.    0.   10.    7.84 16.8  11.    1.
  5.    0.    0.  ]
[11.7   6.    8.    2.    0.    2.    0.   10.   10.53 13.45 11.    1.
  2.    0.    2.  ]
[1.76 6.   5.   5.   0.   0.   0.   5.   4.26 1.65 6.   0.   1.   0.
 3.  ]
[ 7.53  6.   10.   10.    1.    0.    0.    5.    7.33 12.55 11.    1.
  3.    0.    0.  ]
[ 6.09  6.    7.    2.    1.    5.    1.    8.    5.69 15.08 11.    0.
  1.    0.    0.  ]
[ 6.09  0.    7.    3.    0.    2.    0.   11.    8.79  7.91 12.    0.
  1.    4.    0.  ]
[ 4.03  6.    8.    6.    0.    0.    0.   11.    5.53  6.51  7.    0.
  1.    1.    2.  ]
[ 3.47  0.    8.    7.    0.    0.    0.   11.    5.23  5.93 12.    0.
  1.    4.    2.  ]
[ 1.13  6.    2.   10.    0.    0.    1.   10.    2.94  1.22  1.    0.
  1.    3.    2.  ]
[ 2.99  2.    9.    9.    0.    0.    0.    3.    3.85  4.71 10.    0.
  1.    3.    2.  ]
[ 8.66  2.    8.   11.    0.    6.    0.    5.    6.14 11.62 11.    0.
  1.    0.    2.  ]
[ 2.29  3.    8.    3.    0.    3.    2.    2.    2.58 13.4   6.    0.
  1.    0.    2.  ]
[ 8.53  5.    3.    8.    1.    1.    0.   10.    4.7  13.9   6.    0.
  1.    0.    0.  ]
[ 2.88  2.   10.    6.    0.    0.    0.   11.    2.92  4.88 12.    0.
  1.    2.    0.  ]
[ 4.96  2.    6.   11.    0.    6.    1.   11.    5.1   4.71 12.    0.
  1.    0.    0.  ]
[ 2.08  2.    8.    5.    0.    0.    0.   11.    8.49  3.25 12.    0.
  1.    1.    0.  ]
[ 6.92  5.    0.    6.    0.    1.    0.    6.    3.61  6.98 12.    0.
  1.    2.    0.  ]
[ 9.44  6.    8.    5.    0.    4.    0.    7.   11.31 33.7   6.    0.
  1.    0.    0.  ]
[ 8.9   6.    8.    2.    1.    6.    0.    5.   10.38 19.94  6.    0.
  1.    0.    0.  ]
[ 7.77  6.    2.    5.    0.    2.    0.   10.    7.05 14.45 11.    1.
  5.    0.    2.  ]
[ 5.77  4.    7.    5.    0.    0.    0.    4.    9.53 12.79 11.    1.
  7.    0.    3.  ]
[ 3.54  0.    9.    9.    0.    0.    0.    9.    4.62  6.82 10.    0.
  1.    0.    2.  ]
[11.71  6.    8.    5.    0.    0.    1.   10.    9.17 28.26 11.    0.
  1.    0.    0.  ]
[6.55 6.   7.   5.   0.   5.   0.   3.   5.93 7.92 6.   0.   1.   0.
 3.  ]
[ 3.31  6.    8.    5.    0.    5.    0.    5.    6.18 10.09 11.    1.
  7.    0.    2.  ]
[ 8.05  6.    8.    1.    0.    6.    0.   10.   15.08  8.9   6.    0.
  1.    0.    0.  ]
[10.72  5.    8.    3.    1.    1.    0.    0.    4.76 24.15  9.    0.
  1.    3.    0.  ]
[10.74  6.    0.   11.    0.    0.    0.    6.   11.79 23.19 12.    1.
  6.    0.    2.  ]
[ 3.37  0.   10.    5.    0.    0.    0.   10.    6.23  4.42 11.    0.
  1.    0.    2.  ]
[10.47  6.    8.    5.    0.    2.    0.   10.   10.64 13.22 11.    1.
  2.    0.    2.  ]
[ 7.96  4.   10.   10.    0.    0.    0.    4.   14.3  17.39 11.    0.
  1.    0.    0.  ]
[ 4.21  1.    4.   11.    0.    0.    0.    8.    6.16  7.51 11.    0.
  1.    0.    2.  ]
[ 7.96  6.   10.   10.    1.    0.    0.    3.    8.38 12.98 11.    1.
  3.    1.    2.  ]
[ 2.9   0.    0.    7.    0.    0.    0.   11.    5.26  6.42 12.    0.
  1.    1.    2.  ]
[ 9.41  6.    3.    8.    0.    0.    0.   10.   11.17 14.5  11.    1.
  5.    0.    0.  ]
[ 4.74  6.    7.    8.    1.    5.    1.   10.    3.66 11.03  6.    0.
  1.    0.    0.  ]
[ 7.75  6.   10.   10.    1.    0.    0.    5.    8.9  14.45 11.    1.
  3.    0.    2.  ]
[ 3.2   2.    8.    9.    0.    0.    0.    5.    3.6   3.55 11.    0.
  1.    5.    0.  ]
[ 1.37  6.    7.   11.    0.    3.    2.    2.    3.86  6.32 12.    0.
  1.    0.    0.  ]
[ 2.55  2.    8.   10.    0.    6.    0.    7.    6.72  3.49  6.    0.
  1.    0.    2.  ]
[ 8.24  0.   10.   10.    0.    0.    0.    7.   15.92 17.57 11.    0.
  1.    0.    0.  ]
[ 0.79  6.    8.    6.    0.    1.    0.    6.    4.97  1.05 12.    0.
  1.    1.    2.  ]
[3.04 3.   6.   2.   0.   3.   2.   2.   0.   0.   2.   0.   1.   0.
 3.  ]
[ 1.31  6.    7.   11.    0.    3.    2.    2.    3.73  5.75 12.    0.
  1.    0.    2.  ]
[ 7.42  6.    3.    5.    0.    6.    0.   10.   17.13  9.55  6.    0.
  1.    0.    2.  ]
[ 8.26  2.   10.    9.    0.    5.    0.   11.    6.49 17.88 12.    0.
  1.    0.    0.  ]
[ 7.15  2.    8.    8.    0.    6.    0.    5.    5.7   9.73 11.    0.
  1.    0.    0.  ]
[ 6.97  6.   10.   10.    1.    0.    0.   10.    8.67 13.99 11.    1.
  3.    0.    0.  ]
[ 2.    4.    8.    5.    0.    0.    0.    3.    6.64  2.37 12.    1.
  0.    4.    1.  ]
[17.48  2.    5.    5.    0.    1.    0.   11.    6.68 45.72  4.    0.
  1.    0.    0.  ]
[ 3.38  6.    5.   10.    0.    5.    0.    7.    3.94  2.83  6.    0.
  1.    1.    2.  ]
[11.53  5.    8.    8.    1.    1.    0.    5.    6.44 15.04  6.    0.
  1.    2.    0.  ]
[ 8.15  2.    8.   11.    0.    6.    0.    5.    7.21 13.26 11.    0.
  1.    0.    0.  ]
[ 4.98  6.    8.    4.    0.    5.    0.    3.    5.25  7.17 11.    1.
  0.    0.    2.  ]
[ 2.53  6.    2.    5.    0.    0.    0.    7.    6.69  2.5  11.    0.
  1.    0.    2.  ]
[12.62  5.    8.    5.    1.    1.    0.    5.    6.78 14.71  6.    0.
  1.    2.    2.  ]
[ 5.57  6.    3.    8.    0.    0.    0.   10.   10.99 14.66 11.    1.
  5.    0.    0.  ]
[ 4.33  2.    8.    0.    0.    6.    0.   10.    5.65  6.68 11.    0.
  1.    0.    0.  ]
[ 7.95  4.    2.    5.    0.    2.    0.   10.    8.16 16.96 11.    1.
  5.    0.    0.  ]
[ 2.43  2.    4.    4.    0.    0.    0.   10.    4.03  2.64 11.    0.
  1.    1.    2.  ]
[ 8.52  3.    1.    8.    0.    0.    0.    6.    1.41 14.19  6.    0.
  1.    0.    3.  ]
[ 5.99  6.    8.    2.    0.    1.    0.   11.    5.99 10.41  6.    0.
  1.    3.    0.  ]
[ 7.01  6.   10.   10.    1.    0.    0.    3.    7.37 11.87 11.    1.
  3.    1.    2.  ]
[ 9.15  6.   10.    5.    0.    0.    0.   11.   12.89 12.96  6.    1.
  1.    0.    0.  ]
[10.14  5.    8.    8.    1.    1.    0.    5.    5.73 12.73  6.    0.
  1.    2.    0.  ]
[ 8.49  4.    8.    5.    0.    4.    0.   10.    9.83 30.7   6.    0.
  1.    0.    0.  ]
[ 5.23  5.    0.    6.    0.    1.    0.   11.    3.36  6.36  7.    0.
  1.    0.    2.  ]
[13.13  6.    3.   10.    0.    5.    0.   11.    8.01 19.14  6.    0.
  1.    0.    0.  ]
[ 6.79  6.    8.   11.    0.    6.    0.   11.    5.54 15.82 12.    0.
  1.    0.    0.  ]
[ 9.86  5.    8.    7.    1.    1.    0.    7.    9.67 17.28  8.    1.
  1.    0.    2.  ]
[ 3.42  0.   10.    5.    0.    0.    0.   10.    4.75  4.24 11.    0.
  1.    0.    2.  ]
[ 6.1   2.    8.   11.    0.    5.    1.   11.    5.8  13.23 12.    0.
  1.    0.    0.  ]
[ 5.55  2.    8.   11.    0.    5.    1.   11.    4.56 13.46 12.    0.
  1.    0.    0.  ]
[ 6.01  6.    8.    5.    0.    1.    0.   11.    5.6   9.04  6.    0.
  1.    3.    0.  ]
[ 9.12  6.    1.    5.    0.    0.    0.    5.   11.46 16.35  6.    0.
  1.    2.    0.  ]
[ 2.75  2.    3.    5.    0.    0.    0.    5.    7.17  2.75 12.    0.
  1.    1.    2.  ]
[ 5.82  2.   10.    9.    0.    5.    0.   11.    6.98 17.29 10.    0.
  1.    0.    0.  ]
[3.27 3.   7.   6.   0.   3.   2.   2.   0.   0.   2.   1.   1.   0.
 2.  ]
[ 7.62  6.   10.   10.    1.    0.    0.   10.    8.87 16.18 11.    1.
  3.    1.    2.  ]
[ 6.48  2.    8.   11.    0.    5.    1.   11.    5.86 13.41 12.    0.
  1.    0.    0.  ]
[ 8.49  6.    3.    8.    0.    0.    0.   10.   10.81 13.36 11.    1.
  2.    0.    2.  ]
[ 2.7   6.    4.    3.    0.    0.    0.    7.    5.01  2.65 11.    0.
  1.    1.    0.  ]
[ 4.05  2.    6.   11.    0.    6.    1.    1.    6.33  5.2  12.    0.
  1.    3.    0.  ]
[19.33  6.    7.    5.    1.    4.    0.    1.   10.77 36.4  12.    0.
  1.    0.    0.  ]
[ 9.23  6.    8.    9.    1.    6.    0.    9.   10.9  21.57  3.    0.
  1.    0.    0.  ]
[ 5.74  1.    5.   11.    1.    6.    0.    7.    5.8  13.3  11.    0.
  1.    0.    1.  ]
[ 7.02  4.    2.    5.    0.    2.    0.   10.    7.7  13.8  11.    1.
  5.    0.    2.  ]
[ 0.73  6.    2.   11.    0.    0.    0.   11.    3.42  0.72 11.    0.
  1.    0.    2.  ]
[8.34 6.   7.   5.   0.   5.   0.   5.   6.03 7.67 6.   0.   1.   0.
 0.  ]
[ 1.35  6.    7.   11.    0.    3.    2.    2.    3.78  5.87 12.    0.
  1.    0.    0.  ]
[ 8.72  6.    1.    5.    0.    0.    0.    5.   11.54 18.23  6.    0.
  1.    2.    0.  ]
[ 5.3   6.    8.   11.    0.    5.    1.   11.    4.46 10.08 12.    0.
  1.    0.    0.  ]
[ 2.83  6.    2.    5.    0.    0.    0.   10.    8.33  2.71 11.    0.
  1.    0.    0.  ]
[4.53 5.   5.   5.   0.   4.   0.   5.   3.27 5.98 6.   1.   1.   0.
 2.  ]
[ 2.21  2.    3.    5.    0.    0.    0.    5.    8.5   3.46 12.    0.
  1.    1.    0.  ]
[3.45 6.   8.   5.   0.   6.   0.   7.   8.41 4.03 6.   0.   1.   3.
 0.  ]
[ 5.33  2.    8.   11.    0.    5.    1.   11.    3.74 10.16 12.    0.
  1.    0.    0.  ]
[ 3.41  6.    7.   11.    0.    0.    0.   11.    8.98  8.32 12.    1.
  7.    0.    1.  ]
[ 2.96  3.    8.    3.    0.    3.    2.    2.    3.52 17.91  6.    0.
  1.    0.    2.  ]
[ 4.58  5.    0.    5.    1.    1.    0.   10.    5.46  7.86  6.    0.
  1.    0.    0.  ]
[4.21 5.   5.   5.   0.   4.   0.   5.   3.06 4.4  6.   1.   1.   0.
 2.  ]
[ 8.01  6.    2.    5.    0.    2.    0.   10.    7.99 15.93 11.    1.
  5.    0.    0.  ]
[5.45 6.   8.   5.   0.   5.   0.   5.   5.28 6.95 6.   0.   1.   0.
 0.  ]
[ 8.3   5.    8.    6.    1.    1.    0.    6.    4.36 11.79 11.    1.
  1.    0.    0.  ]
[2.75 3.   6.   2.   0.   3.   2.   2.   0.   0.   2.   0.   1.   0.
 2.  ]
[ 4.27  6.    8.    7.    0.    6.    0.   10.    4.55  6.52 11.    0.
  1.    0.    0.  ]
[ 8.69  0.   10.   10.    0.    0.    0.    7.   18.58 18.76 11.    0.
  1.    0.    0.  ]
[ 0.66  6.    8.    6.    0.    1.    0.    6.    4.12  0.98 12.    0.
  1.    1.    0.  ]
[ 4.52  3.    8.   10.    0.    3.    2.    2.    6.1  35.11 11.    1.
  1.    5.    2.  ]
[ 2.66  5.    0.   10.    0.    0.    1.   10.    2.88  2.34 11.    0.
  1.    1.    0.  ]
[ 0.88  6.    8.    6.    0.    1.    0.    6.    4.87  1.11 12.    0.
  1.    1.    2.  ]
[11.4   6.    1.   11.    1.    4.    0.    1.    9.9  29.77  1.    0.
  1.    0.    2.  ]
[ 2.08  4.    8.    5.    0.    0.    0.    3.    8.31  2.69 12.    1.
  0.    4.    1.  ]
[8.85 6.   7.   5.   0.   5.   0.   5.   6.66 9.34 6.   0.   1.   0.
 0.  ]
[0.9  6.   2.   5.   0.   0.   0.   5.   3.34 0.87 4.   0.   1.   0.
 3.  ]
[ 8.05  6.    8.    5.    0.    0.    1.   10.   12.43 31.66 11.    0.
  1.    0.    2.  ]
[ 5.21  6.    7.    3.    0.    2.    0.   11.    6.84  6.98  4.    0.
  1.    4.    2.  ]
[ 8.18  3.    1.    8.    0.    0.    0.    6.    1.75 17.05  6.    0.
  1.    0.    3.  ]
[ 1.77  2.    3.    5.    0.    0.    0.    5.    6.12  2.47 12.    0.
  1.    1.    2.  ]
[ 8.58  6.    8.    5.    1.    6.    0.    9.    8.65 19.91  3.    0.
  1.    0.    0.  ]
[7.61 2.   9.   7.   0.   5.   0.   7.   4.19 9.66 8.   0.   1.   0.
 3.  ]
[ 2.58  2.    8.    8.    0.    0.    0.   11.    4.87  6.19 12.    0.
  1.    0.    0.  ]
[ 5.7   5.    5.   11.    0.    4.    0.    5.    4.01  5.3   6.    1.
  1.    0.    2.  ]
[ 5.15  6.    8.    5.    0.    5.    0.    7.    7.05 11.67 11.    1.
  7.    0.    0.  ]
[12.82  2.    8.    8.    1.    1.    0.   10.    4.77 23.95  9.    0.
  1.    0.    0.  ]
[ 3.13  5.    7.    2.    0.    1.    0.   10.    3.43  8.72 11.    0.
  1.    1.    0.  ]
[11.35  4.    8.    5.    0.    4.    0.    7.   11.53 34.45  6.    0.
  1.    0.    0.  ]
[ 8.58  6.    8.    9.    1.    6.    0.    5.    9.19 21.08  3.    0.
  1.    0.    0.  ]
[ 4.51  0.    3.    5.    0.    0.    0.    5.   10.53  6.27 11.    1.
  1.    1.    2.  ]
[ 3.02  5.    7.    2.    0.    1.    0.   10.    2.87  6.72 11.    0.
  1.    1.    2.  ]
[ 0.85  6.    2.    6.    0.    0.    0.   11.    3.83  0.79 12.    0.
  1.    0.    2.  ]
[ 5.23  6.    8.    7.    0.    0.    0.   10.    3.36 12.64 12.    0.
  1.    0.    0.  ]
[ 8.29  0.    8.   10.    0.    2.    0.   10.   10.79 10.79 11.    1.
  3.    0.    0.  ]
[ 1.74  6.    4.    3.    0.    0.    0.    7.    3.23  2.49 11.    0.
  1.    1.    0.  ]
[24.2   6.    0.    3.    0.    4.    0.   11.    6.17 54.31  6.    0.
  1.    0.    3.  ]
[13.39  6.    0.   11.    0.    0.    0.    6.   16.44 28.37  7.    1.
  6.    0.    2.  ]
[14.32  6.    7.   10.    0.    5.    0.    7.    9.21 19.11  6.    0.
  1.    0.    0.  ]
[ 8.39  4.    8.    5.    0.    4.    0.   10.   10.17 28.37  6.    0.
  1.    0.    0.  ]
[ 2.63  0.    3.    8.    0.    5.    0.    9.    5.77  7.09 11.    1.
  0.    0.    2.  ]
[ 6.73  6.   10.   10.    1.    0.    0.   10.    7.66 12.36 11.    1.
  3.    0.    0.  ]
[5.72 5.   8.   1.   1.   1.   0.   0.   5.73 6.16 6.   0.   1.   0.
 0.  ]
[1.94 6.   2.   5.   0.   1.   1.   5.   1.94 2.58 6.   0.   1.   2.
 2.  ]
[10.44  6.    8.    5.    0.    4.    0.   10.   10.13 34.21  6.    0.
  1.    0.    0.  ]
[ 6.01  6.   10.   11.    0.    0.    0.   11.    8.63 10.54 12.    1.
  1.    0.    0.  ]
[ 8.74  2.    8.   10.    0.    6.    0.   10.    9.43  9.8  11.    0.
  1.    0.    0.  ]
[ 3.92  3.    8.   10.    0.    3.    2.    2.    6.44 32.29 11.    1.
  1.    5.    0.  ]
[ 6.03  6.    8.    5.    0.    6.    0.   11.    5.41 15.78 12.    0.
  1.    0.    0.  ]
[ 7.93  3.    8.    8.    0.    0.    0.   11.    1.46 14.6  12.    0.
  1.    0.    3.  ]
[13.78  6.    7.   10.    0.    5.    0.    7.    8.03 16.76  6.    0.
  1.    0.    2.  ]
[ 8.63  6.    8.   10.    0.    6.    0.   10.    9.87 10.22 11.    0.
  1.    0.    0.  ]
[ 1.31  5.    7.   11.    0.    3.    2.    2.    3.2   5.39 12.    0.
  1.    0.    0.  ]
[1.46 6.   2.   5.   0.   1.   1.   5.   2.18 2.69 6.   0.   1.   2.
 2.  ]
[18.44  2.    5.    5.    0.    1.    0.   11.    6.1  30.94  4.    0.
  1.    0.    0.  ]
[ 5.47  0.   10.    5.    0.    0.    0.   10.    7.85 10.53 11.    1.
  7.    0.    3.  ]
[ 4.41  2.    0.    0.    0.    6.    0.   11.    5.54  3.38  6.    0.
  1.    0.    2.  ]
[ 7.67  0.    8.   10.    0.    2.    0.   10.   11.13 11.64 11.    1.
  0.    0.    2.  ]
[2.8 3.  6.  2.  0.  3.  2.  2.  0.  0.  2.  0.  1.  0.  2. ]
[ 5.98  5.    8.    5.    0.    6.    0.   11.    5.94 15.62 12.    0.
  1.    0.    0.  ]
[16.87  2.    5.   10.    1.    1.    1.   10.    6.95 25.38 11.    0.
  1.    0.    2.  ]
[ 7.94  5.    8.   11.    0.    6.    0.   11.    6.44 15.98 12.    0.
  1.    0.    0.  ]
[ 0.72  2.    8.    6.    0.    1.    0.    6.    4.65  0.9  12.    0.
  1.    1.    2.  ]
[ 2.43  6.    2.    1.    0.    0.    0.   10.    6.73  2.45 11.    0.
  1.    0.    2.  ]
[ 7.9   5.    0.    1.    1.    1.    0.   11.    5.9   8.66  6.    0.
  1.    0.    2.  ]
[3.98 5.   8.   5.   1.   1.   0.   0.   5.97 5.15 6.   0.   1.   0.
 0.  ]
[10.66  5.    8.    5.    1.    1.    0.    5.    6.25 15.06  6.    0.
  1.    0.    2.  ]
[ 1.66  6.    4.    4.    0.    0.    0.    7.    2.56  2.18 11.    0.
  1.    1.    2.  ]
[14.16  2.    3.    6.    0.    2.    0.   10.   16.76 17.01 11.    1.
  5.    0.    0.  ]
[ 3.59  2.   10.   10.    0.    2.    0.   10.    4.2   3.49 11.    1.
  0.    4.    0.  ]
[ 6.9   4.    2.    5.    0.    2.    0.   10.    6.87 14.36 11.    1.
  5.    0.    2.  ]
[ 9.97  4.    8.    5.    0.    4.    0.    7.   10.74 33.74  6.    0.
  1.    0.    0.  ]
[ 3.53  2.    0.    5.    0.    6.    0.   10.    4.33  2.85  6.    0.
  1.    3.    2.  ]
[ 5.21  6.    7.    8.    1.    5.    1.   10.    5.06 12.55 11.    0.
  1.    0.    0.  ]
[ 2.12  6.    7.    2.    0.    1.    0.   10.    2.63  7.5  11.    0.
  1.    1.    0.  ]
[12.1   6.    1.    5.    1.    4.    0.    6.    8.5  24.17 10.    0.
  1.    0.    2.  ]
[ 9.79  6.   10.    5.    0.    0.    0.   11.   14.04 13.2   6.    1.
  1.    0.    2.  ]
[ 8.13  5.    8.    8.    1.    1.    0.    6.    5.09 12.71 11.    1.
  1.    0.    2.  ]
[ 3.23  5.    0.   10.    0.    0.    1.   10.    4.9   2.88 11.    0.
  1.    1.    0.  ]
[ 7.89  5.    8.    5.    0.    6.    0.   11.    5.08 15.   12.    0.
  1.    0.    0.  ]
[0.86 6.   2.   5.   0.   0.   0.   5.   4.55 1.15 4.   0.   1.   0.
 3.  ]
[18.83  5.    5.   10.    1.    1.    1.   10.    6.86 27.6  11.    0.
  1.    0.    2.  ]
[11.67  6.    8.    5.    0.    0.    1.   10.   11.54 30.07 11.    0.
  1.    0.    2.  ]
[ 4.02  6.    7.    6.    0.    0.    0.   11.    6.09  7.84  7.    0.
  1.    1.    0.  ]
[ 3.95  6.    5.   10.    0.    5.    0.    7.    4.13  3.39  6.    0.
  1.    1.    2.  ]
[ 6.    2.    9.    1.    0.    6.    0.   10.   13.81  7.12  6.    0.
  1.    0.    0.  ]
[ 3.    3.    8.    2.    0.    3.    2.    2.    3.75 14.48  3.    0.
  1.    0.    0.  ]
[ 2.61  6.    0.   10.    0.    1.    1.    7.    2.96  2.24 11.    0.
  1.    1.    2.  ]
[ 3.28  2.    7.    2.    0.    1.    0.   10.    2.93  7.45 11.    0.
  1.    1.    2.  ]
[ 3.53  6.    7.   11.    0.    0.    0.   11.    7.14  5.67 12.    1.
  7.    0.    1.  ]
[ 6.65  6.    0.    1.    1.    1.    0.    5.    8.72 10.03  1.    0.
  1.    0.    0.  ]
[ 8.48  3.    8.    5.    0.    3.    2.    2.    2.74 23.63  6.    0.
  1.    0.    1.  ]
[ 8.81  5.    8.   11.    1.    1.    0.    6.    4.05 11.23 11.    1.
  1.    0.    2.  ]
[11.54  2.    8.    2.    0.    2.    0.   10.   10.3  12.29 11.    1.
  0.    0.    0.  ]
[6.17 5.   5.   5.   0.   4.   0.   5.   4.38 6.3  6.   1.   1.   0.
 2.  ]
[4.4  5.   5.   5.   0.   4.   0.   5.   2.67 5.46 6.   1.   1.   0.
 2.  ]
[ 7.67  2.    8.   10.    0.    6.    0.   10.    9.9  11.62 11.    0.
  1.    2.    0.  ]
[ 7.13  1.    1.   10.    1.    6.    0.    8.    7.03 12.87 11.    0.
  1.    1.    2.  ]
[6.27 5.   8.   1.   1.   1.   0.   7.   5.96 4.77 6.   0.   1.   0.
 0.  ]
[ 3.21  5.    7.    2.    0.    1.    0.   10.    2.97  7.05 11.    0.
  1.    1.    2.  ]
[10.36  6.    8.    9.    1.    6.    0.    5.   10.09 20.68  6.    0.
  1.    0.    0.  ]
[10.25  6.    8.    9.    1.    6.    0.    9.    8.14 21.79  6.    0.
  1.    0.    0.  ]
[ 5.55  6.    8.   11.    0.    5.    1.   11.    4.8  13.36 12.    0.
  1.    0.    0.  ]
[ 6.91  2.    8.    1.    0.    6.    1.   10.    6.76 18.87 11.    0.
  1.    0.    2.  ]
[11.52  3.    8.    5.    0.    3.    2.    2.    3.29 25.61  6.    0.
  1.    0.    2.  ]
[ 3.47  6.    7.   10.    0.    1.    0.   10.    2.98  7.46 11.    0.
  1.    1.    0.  ]
[7.83 6.   0.   5.   1.   1.   0.   5.   8.55 8.94 6.   0.   1.   0.
 0.  ]
[ 1.11  6.    2.   10.    0.    0.    1.   10.    2.87  1.34  6.    0.
  1.    3.    0.  ]
[ 3.26  5.    7.    2.    0.    1.    0.   10.    2.38  6.56 11.    0.
  1.    1.    0.  ]
[16.36  2.    3.    6.    0.    2.    0.   10.   16.99 17.33 11.    1.
  2.    0.    2.  ]
[ 7.08  6.    3.    1.    0.    6.    1.   10.    5.3  16.42 11.    0.
  1.    0.    0.  ]
[ 1.67  6.    2.   11.    0.    1.    1.    5.    1.89  2.61  6.    0.
  1.    2.    0.  ]
[ 4.28  6.    8.    0.    0.    6.    0.   10.    5.05  6.22 11.    0.
  1.    0.    2.  ]
[2.91 6.   8.   5.   0.   6.   0.   7.   7.4  3.89 8.   0.   1.   3.
 2.  ]
[ 6.25  6.    7.    2.    1.    5.    1.    8.    5.57 15.74  6.    0.
  1.    0.    0.  ]
[ 2.3   1.    8.    9.    0.    0.    0.   10.    3.62  3.43 11.    0.
  1.    0.    2.  ]
[12.11  6.    1.    5.    1.    4.    0.    6.    8.57 23.4  12.    0.
  1.    0.    0.  ]
[ 0.85  6.    2.   10.    0.    0.    1.   10.    2.8   1.25  6.    0.
  1.    3.    0.  ]
[ 7.66  4.   10.    5.    0.    0.    0.    7.   13.6  18.19 11.    0.
  1.    0.    0.  ]
[14.39  2.    0.    1.    0.    4.    0.   11.    3.48 21.87  6.    0.
  1.    0.    3.  ]
[ 2.64  2.    0.    0.    0.    6.    0.   11.    3.5   2.93  6.    0.
  1.    3.    2.  ]
[2.89 3.   6.   2.   0.   3.   2.   2.   0.   0.   2.   0.   1.   0.
 1.  ]
[1.36 3.   5.   5.   0.   0.   0.   5.   4.05 1.45 6.   0.   1.   0.
 3.  ]
[ 7.37  0.   10.    5.    0.    0.    0.    4.   18.22 18.66 11.    0.
  1.    0.    0.  ]
[ 1.38  6.    2.   11.    0.    1.    1.    5.    1.72  2.48  6.    0.
  1.    2.    2.  ]
[14.35  6.    2.    6.    0.    2.    0.   10.   18.63 17.03 11.    1.
  2.    0.    2.  ]


