Accuracy = 0.9858281665190434

              precision    recall  f1-score   support

         0.0       0.98      1.00      0.99       666
         1.0       0.99      0.97      0.98       463

    accuracy                           0.99      1129
   macro avg       0.99      0.98      0.99      1129
weighted avg       0.99      0.99      0.99      1129


Coefficients: Weights assigned to the features: 

-0.001021456633964135
0.011050563938752589
-0.007116532827978972
1.4239280520342206
-0.006185814011843149
-5.759093783744852
-7.486624318029779
8.179225669025968
0.00031145222550321705
-3.3863963050591828
-4.7637879142462225
-0.6514664227023701
-0.6133187473344179
0.0008684806080623275
0.0029342639507490276
0.0
7.0
-0.09418775454890493
0.43490641987460776
-0.6697871255120447
-0.6743436783919776
0.018402308134213285


Number of Support Vectors = 460
Support Vectors: 

[5. 3. 3. 1. 5. 1. 0. 0. 4. 1. 0. 2. 2. 4. 5. 0. 0. 1. 3. 1. 4. 0.]
[2. 2. 7. 1. 3. 1. 1. 1. 7. 1. 0. 2. 2. 5. 5. 0. 0. 1. 3. 2. 4. 0.]
[2. 3. 2. 1. 5. 1. 0. 0. 6. 1. 0. 2. 2. 2. 5. 0. 0. 1. 3. 1. 4. 0.]
[0. 3. 6. 1. 3. 1. 0. 0. 3. 0. 1. 2. 2. 5. 5. 0. 0. 1. 3. 1. 2. 3.]
[5. 0. 4. 0. 5. 1. 1. 1. 7. 0. 0. 0. 0. 5. 3. 0. 0. 1. 0. 5. 4. 2.]
[2. 3. 2. 1. 5. 1. 0. 0. 4. 1. 0. 2. 2. 2. 2. 0. 0. 1. 3. 1. 4. 0.]
[5. 2. 7. 1. 0. 1. 0. 0. 7. 0. 1. 2. 2. 5. 5. 0. 0. 1. 3. 1. 2. 3.]
[5. 3. 2. 1. 5. 1. 0. 0. 3. 1. 0. 2. 2. 5. 5. 0. 0. 1. 3. 1. 4. 0.]
[4. 0. 4. 0. 5. 1. 0. 1. 3. 0. 2. 2. 2. 5. 5. 0. 0. 1. 3. 1. 4. 5.]
[2. 3. 3. 1. 5. 1. 0. 0. 7. 1. 0. 2. 2. 2. 5. 0. 0. 1. 3. 1. 4. 0.]
[0. 3. 6. 1. 0. 1. 0. 0. 2. 0. 1. 2. 2. 5. 5. 0. 0. 1. 3. 1. 2. 1.]
[5. 2. 7. 1. 3. 1. 0. 0. 0. 0. 1. 2. 2. 5. 5. 0. 0. 1. 3. 1. 2. 3.]
[2. 3. 2. 1. 5. 1. 0. 0. 4. 1. 0. 2. 2. 2. 5. 0. 0. 1. 3. 1. 4. 0.]
[5. 3. 2. 1. 5. 1. 0. 0. 7. 1. 0. 2. 2. 5. 5. 0. 0. 1. 3. 1. 4. 0.]
[0. 2. 7. 1. 3. 1. 0. 0. 3. 0. 1. 2. 2. 5. 5. 0. 0. 1. 3. 1. 2. 3.]
[2. 0. 4. 0. 5. 1. 0. 1. 4. 0. 2. 2. 2. 5. 5. 0. 0. 1. 3. 1. 4. 5.]
[5. 2. 6. 1. 0. 1. 1. 1. 7. 1. 0. 2. 2. 5. 5. 0. 0. 1. 3. 2. 4. 0.]
[3. 3. 1. 0. 5. 1. 1. 1. 7. 0. 0. 0. 2. 5. 3. 0. 0. 1. 0. 5. 4. 2.]
[5. 3. 2. 1. 5. 1. 0. 0. 6. 1. 0. 2. 2. 5. 2. 0. 0. 1. 3. 1. 4. 0.]
[0. 3. 7. 1. 0. 1. 0. 0. 3. 0. 1. 2. 2. 5. 5. 0. 0. 1. 3. 1. 2. 3.]
[5. 3. 3. 1. 5. 1. 0. 0. 7. 1. 0. 2. 2. 2. 5. 0. 0. 1. 3. 1. 4. 0.]
[5. 0. 3. 0. 5. 1. 0. 1. 0. 0. 2. 2. 2. 5. 5. 0. 0. 1. 3. 2. 4. 5.]
[2. 0. 4. 0. 5. 1. 0. 1. 4. 0. 2. 2. 2. 5. 5. 0. 0. 1. 3. 2. 4. 5.]
[2. 0. 6. 1. 0. 1. 1. 1. 7. 1. 0. 2. 2. 5. 5. 0. 0. 1. 3. 2. 4. 0.]
[5. 3. 5. 1. 5. 1. 0. 0. 7. 0. 0. 2. 2. 5. 5. 0. 0. 2. 3. 5. 4. 4.]
[5. 2. 7. 1. 0. 1. 0. 0. 0. 0. 1. 2. 2. 5. 5. 0. 0. 1. 3. 1. 2. 3.]
[0. 3. 7. 1. 0. 1. 0. 0. 0. 0. 1. 2. 2. 5. 5. 0. 0. 1. 3. 1. 2. 3.]
[0. 3. 6. 1. 0. 1. 0. 0. 3. 0. 1. 2. 2. 5. 5. 0. 0. 1. 3. 1. 2. 3.]
[5. 3. 2. 1. 5. 1. 0. 0. 7. 1. 0. 2. 2. 4. 2. 0. 0. 1. 3. 1. 4. 0.]
[0. 3. 7. 1. 0. 1. 0. 0. 2. 0. 1. 2. 2. 5. 5. 0. 0. 1. 3. 1. 2. 3.]
[2. 0. 3. 0. 5. 1. 0. 1. 0. 0. 2. 2. 2. 5. 5. 0. 0. 1. 3. 1. 5. 5.]
[5. 3. 7. 1. 3. 1. 0. 0. 7. 0. 1. 2. 2. 5. 5. 0. 0. 1. 3. 1. 2. 3.]
[2. 3. 2. 1. 5. 1. 0. 0. 6. 1. 0. 2. 2. 4. 2. 0. 0. 1. 3. 1. 4. 0.]
[5. 3. 1. 0. 5. 1. 1. 1. 7. 0. 0. 0. 0. 5. 3. 0. 0. 1. 0. 5. 4. 2.]
[4. 0. 3. 0. 5. 1. 0. 1. 3. 0. 2. 2. 2. 5. 5. 0. 0. 1. 3. 2. 4. 5.]
[5. 3. 2. 1. 5. 1. 0. 0. 6. 1. 0. 2. 2. 2. 4. 0. 0. 1. 3. 1. 4. 0.]
[5. 3. 6. 1. 0. 1. 0. 0. 2. 0. 1. 2. 2. 5. 5. 0. 0. 1. 3. 1. 2. 3.]
[0. 3. 6. 1. 3. 1. 0. 0. 0. 0. 1. 2. 2. 5. 5. 0. 0. 1. 3. 1. 2. 3.]
[2. 0. 3. 0. 5. 1. 0. 1. 3. 0. 2. 2. 2. 5. 5. 0. 0. 1. 3. 1. 4. 5.]
[4. 0. 3. 0. 5. 1. 0. 1. 3. 0. 2. 2. 2. 5. 5. 0. 0. 1. 3. 1. 5. 5.]
[0. 3. 6. 1. 0. 1. 0. 0. 2. 0. 1. 2. 2. 5. 5. 0. 0. 1. 3. 1. 2. 3.]
[2. 3. 3. 1. 5. 1. 0. 0. 6. 1. 0. 2. 2. 2. 5. 0. 0. 1. 3. 1. 4. 0.]
[2. 3. 5. 1. 5. 1. 0. 0. 7. 0. 0. 2. 2. 5. 5. 0. 0. 2. 3. 5. 5. 4.]
[2. 2. 7. 1. 0. 1. 1. 1. 3. 1. 0. 2. 2. 5. 5. 0. 0. 1. 3. 2. 4. 0.]
[5. 3. 3. 1. 5. 1. 0. 0. 7. 0. 0. 2. 2. 5. 5. 0. 0. 2. 3. 5. 4. 4.]
[2. 2. 6. 1. 0. 1. 1. 1. 3. 1. 0. 2. 2. 5. 5. 0. 0. 1. 3. 2. 4. 0.]
[0. 3. 7. 1. 0. 1. 0. 0. 7. 0. 1. 2. 2. 5. 5. 0. 0. 1. 3. 1. 2. 1.]
[2. 3. 4. 0. 5. 1. 1. 1. 7. 0. 0. 0. 0. 5. 3. 0. 0. 1. 0. 5. 4. 2.]
[2. 2. 1. 1. 5. 1. 0. 0. 7. 0. 0. 2. 2. 5. 5. 0. 0. 2. 3. 5. 5. 4.]
[5. 3. 4. 1. 5. 1. 0. 0. 7. 0. 0. 2. 2. 5. 5. 0. 0. 2. 3. 5. 4. 4.]
[2. 2. 5. 1. 5. 1. 0. 0. 7. 0. 0. 2. 2. 5. 5. 0. 0. 2. 3. 5. 4. 4.]
[0. 3. 7. 1. 3. 1. 0. 0. 7. 0. 1. 2. 2. 5. 5. 0. 0. 1. 3. 1. 2. 3.]
[2. 3. 3. 1. 5. 1. 0. 0. 3. 1. 0. 2. 2. 4. 5. 0. 0. 1. 3. 1. 4. 0.]
[5. 3. 2. 1. 5. 1. 0. 0. 3. 1. 0. 2. 2. 4. 4. 0. 0. 1. 3. 1. 4. 0.]
[5. 3. 4. 0. 5. 1. 1. 1. 7. 0. 0. 0. 2. 5. 3. 0. 0. 1. 0. 5. 4. 2.]
[2. 3. 2. 1. 5. 1. 0. 0. 7. 1. 0. 2. 2. 4. 4. 0. 0. 1. 3. 1. 4. 0.]
[2. 3. 3. 1. 5. 1. 0. 0. 6. 1. 0. 2. 2. 5. 5. 0. 0. 1. 3. 1. 4. 0.]
[2. 3. 2. 1. 5. 1. 0. 0. 6. 1. 0. 2. 2. 4. 5. 0. 0. 1. 3. 1. 4. 0.]
[2. 3. 3. 1. 5. 1. 0. 0. 6. 1. 0. 2. 2. 5. 4. 0. 0. 1. 3. 1. 4. 0.]
[0. 3. 6. 1. 0. 1. 0. 0. 7. 0. 1. 2. 2. 5. 5. 0. 0. 1. 3. 1. 2. 3.]
[5. 3. 3. 1. 5. 1. 0. 0. 7. 1. 0. 2. 2. 4. 5. 0. 0. 1. 3. 1. 4. 0.]
[2. 3. 2. 1. 5. 1. 0. 0. 6. 1. 0. 2. 2. 5. 5. 0. 0. 1. 3. 1. 4. 0.]
[5. 0. 4. 0. 5. 1. 0. 1. 0. 0. 2. 2. 2. 5. 5. 0. 0. 1. 3. 1. 4. 5.]
[2. 2. 6. 1. 3. 1. 1. 1. 4. 1. 0. 2. 2. 5. 5. 0. 0. 1. 3. 2. 4. 0.]
[2. 3. 4. 1. 5. 1. 0. 0. 7. 0. 0. 2. 2. 5. 5. 0. 0. 2. 3. 5. 4. 4.]
[2. 3. 3. 1. 5. 1. 0. 0. 4. 1. 0. 2. 2. 4. 5. 0. 0. 1. 3. 1. 4. 0.]
[5. 2. 6. 1. 3. 1. 0. 0. 2. 0. 1. 2. 2. 5. 5. 0. 0. 1. 3. 1. 2. 3.]
[0. 2. 6. 1. 0. 1. 0. 0. 2. 0. 1. 2. 2. 5. 5. 0. 0. 1. 3. 1. 2. 3.]
[0. 3. 6. 1. 0. 1. 0. 0. 0. 0. 1. 2. 2. 5. 5. 0. 0. 1. 3. 1. 2. 1.]
[0. 3. 7. 1. 3. 1. 0. 0. 3. 0. 1. 2. 2. 5. 5. 0. 0. 1. 3. 1. 2. 3.]
[5. 3. 2. 1. 5. 1. 0. 0. 4. 1. 0. 2. 2. 4. 5. 0. 0. 1. 3. 1. 4. 0.]
[0. 3. 7. 1. 0. 1. 0. 0. 7. 0. 1. 2. 2. 5. 5. 0. 0. 1. 3. 1. 2. 3.]
[2. 3. 3. 1. 5. 1. 0. 0. 6. 1. 0. 2. 2. 4. 5. 0. 0. 1. 3. 1. 4. 0.]
[5. 0. 4. 0. 5. 1. 0. 1. 4. 0. 2. 2. 2. 5. 5. 0. 0. 1. 3. 1. 4. 5.]
[2. 3. 2. 1. 5. 1. 0. 0. 3. 1. 0. 2. 2. 4. 2. 0. 0. 1. 3. 1. 4. 0.]
[2. 0. 3. 0. 5. 1. 0. 1. 0. 0. 2. 2. 2. 5. 5. 0. 0. 1. 3. 1. 4. 5.]
[5. 3. 2. 1. 5. 1. 0. 0. 6. 1. 0. 2. 2. 2. 5. 0. 0. 1. 3. 1. 4. 0.]
[2. 3. 2. 1. 5. 1. 0. 0. 7. 1. 0. 2. 2. 2. 5. 0. 0. 1. 3. 1. 4. 0.]
[2. 3. 3. 1. 5. 1. 0. 0. 3. 1. 0. 2. 2. 4. 4. 0. 0. 1. 3. 1. 4. 0.]
[5. 3. 4. 1. 5. 1. 0. 0. 7. 0. 0. 2. 2. 5. 5. 0. 0. 2. 3. 5. 5. 4.]
[5. 3. 3. 1. 5. 1. 0. 0. 3. 1. 0. 2. 2. 5. 5. 0. 0. 1. 3. 1. 4. 0.]
[5. 0. 3. 0. 5. 1. 0. 1. 4. 0. 2. 2. 2. 5. 5. 0. 0. 1. 3. 1. 4. 5.]
[2. 3. 3. 1. 5. 1. 0. 0. 7. 1. 0. 2. 2. 4. 4. 0. 0. 1. 3. 1. 4. 0.]
[5. 3. 2. 1. 5. 1. 0. 0. 4. 1. 0. 2. 2. 2. 4. 0. 0. 1. 3. 1. 4. 0.]
[5. 2. 6. 1. 0. 1. 0. 0. 7. 0. 1. 2. 2. 5. 5. 0. 0. 1. 3. 1. 2. 3.]
[2. 3. 2. 1. 5. 1. 0. 0. 7. 1. 0. 2. 2. 5. 2. 0. 0. 1. 3. 1. 4. 0.]
[4. 0. 3. 0. 5. 1. 0. 1. 0. 0. 2. 2. 2. 5. 5. 0. 0. 1. 3. 2. 4. 5.]
[2. 3. 2. 1. 5. 1. 0. 0. 7. 1. 0. 2. 2. 5. 5. 0. 0. 1. 3. 1. 4. 0.]
[2. 3. 2. 1. 5. 1. 0. 0. 6. 1. 0. 2. 2. 5. 4. 0. 0. 1. 3. 1. 4. 0.]
[5. 3. 3. 1. 5. 1. 0. 0. 6. 1. 0. 2. 2. 4. 5. 0. 0. 1. 3. 1. 4. 0.]
[5. 2. 6. 1. 0. 1. 0. 0. 0. 0. 1. 2. 2. 5. 5. 0. 0. 1. 3. 1. 2. 3.]
[4. 0. 3. 0. 5. 1. 0. 1. 2. 0. 2. 2. 2. 5. 5. 0. 0. 1. 3. 2. 4. 5.]
[4. 0. 3. 0. 5. 1. 0. 1. 2. 0. 2. 2. 2. 5. 5. 0. 0. 1. 3. 1. 4. 5.]
[5. 2. 6. 1. 0. 1. 0. 0. 2. 0. 1. 2. 2. 5. 5. 0. 0. 1. 3. 1. 2. 3.]
[5. 2. 6. 1. 3. 1. 0. 0. 7. 0. 1. 2. 2. 5. 5. 0. 0. 1. 3. 1. 2. 3.]
[5. 3. 2. 1. 5. 1. 0. 0. 6. 1. 0. 2. 2. 5. 5. 0. 0. 1. 3. 1. 4. 0.]
[2. 2. 6. 1. 0. 1. 1. 1. 7. 1. 0. 2. 2. 5. 5. 0. 0. 1. 3. 2. 4. 0.]
[5. 3. 3. 1. 5. 1. 0. 0. 7. 1. 0. 2. 2. 5. 5. 0. 0. 1. 3. 1. 4. 0.]
[2. 3. 3. 1. 5. 1. 0. 0. 7. 1. 0. 2. 2. 2. 4. 0. 0. 1. 3. 1. 4. 0.]
[3. 3. 4. 0. 5. 1. 1. 1. 7. 0. 0. 0. 2. 5. 3. 0. 0. 1. 0. 5. 4. 2.]
[2. 3. 3. 1. 5. 1. 0. 0. 7. 1. 0. 2. 2. 4. 5. 0. 0. 1. 3. 1. 4. 0.]
[2. 0. 6. 1. 0. 1. 1. 1. 4. 1. 0. 2. 2. 5. 5. 0. 0. 1. 3. 2. 4. 0.]
[5. 2. 7. 1. 3. 1. 0. 0. 7. 0. 1. 2. 2. 5. 5. 0. 0. 1. 3. 1. 2. 3.]
[0. 2. 7. 1. 3. 1. 0. 0. 7. 0. 1. 2. 2. 5. 5. 0. 0. 1. 3. 1. 2. 3.]
[5. 3. 6. 1. 0. 1. 0. 0. 3. 0. 1. 2. 2. 5. 5. 0. 0. 1. 3. 1. 2. 3.]
[2. 3. 3. 1. 5. 1. 0. 0. 3. 1. 0. 2. 2. 5. 5. 0. 0. 1. 3. 1. 4. 0.]
[2. 3. 3. 1. 5. 1. 0. 0. 7. 0. 0. 2. 2. 5. 5. 0. 0. 2. 3. 5. 5. 4.]
[2. 3. 2. 1. 5. 1. 0. 0. 3. 1. 0. 2. 2. 5. 2. 0. 0. 1. 3. 1. 4. 0.]
[0. 2. 7. 1. 3. 1. 0. 0. 0. 0. 1. 2. 2. 5. 5. 0. 0. 1. 3. 1. 2. 3.]
[5. 2. 6. 1. 3. 1. 1. 1. 7. 1. 0. 2. 2. 5. 5. 0. 0. 1. 3. 2. 4. 0.]
[2. 2. 6. 1. 3. 1. 1. 1. 7. 1. 0. 2. 2. 5. 5. 0. 0. 1. 3. 2. 4. 0.]
[5. 3. 6. 1. 0. 1. 0. 0. 0. 0. 1. 2. 2. 5. 5. 0. 0. 1. 3. 1. 2. 3.]
[0. 2. 6. 1. 3. 1. 0. 0. 2. 0. 1. 2. 2. 5. 5. 0. 0. 1. 3. 1. 2. 3.]
[5. 3. 6. 1. 3. 1. 0. 0. 3. 0. 1. 2. 2. 5. 5. 0. 0. 1. 3. 1. 2. 3.]
[0. 3. 6. 1. 0. 1. 0. 0. 3. 0. 1. 2. 2. 5. 5. 0. 0. 1. 3. 1. 2. 1.]
[5. 3. 7. 1. 0. 1. 0. 0. 2. 0. 1. 2. 2. 5. 5. 0. 0. 1. 3. 1. 2. 3.]
[2. 3. 2. 1. 5. 1. 0. 0. 4. 1. 0. 2. 2. 5. 5. 0. 0. 1. 3. 1. 4. 0.]
[5. 3. 2. 1. 5. 1. 0. 0. 4. 1. 0. 2. 2. 4. 4. 0. 0. 1. 3. 1. 4. 0.]
[5. 3. 6. 1. 0. 1. 0. 0. 3. 0. 1. 2. 2. 5. 5. 0. 0. 1. 3. 1. 2. 1.]
[2. 3. 2. 1. 5. 1. 0. 0. 3. 1. 0. 2. 2. 5. 5. 0. 0. 1. 3. 1. 4. 0.]
[3. 0. 4. 0. 5. 1. 1. 1. 7. 0. 0. 0. 0. 5. 3. 0. 0. 1. 0. 5. 4. 2.]
[0. 3. 7. 1. 3. 1. 0. 0. 0. 0. 1. 2. 2. 5. 5. 0. 0. 1. 3. 1. 2. 3.]
[5. 2. 7. 1. 0. 1. 1. 1. 3. 1. 0. 2. 2. 5. 5. 0. 0. 1. 3. 2. 4. 0.]
[2. 2. 7. 1. 0. 1. 1. 1. 7. 1. 0. 2. 2. 5. 5. 0. 0. 1. 3. 2. 4. 0.]
[2. 3. 2. 1. 5. 1. 0. 0. 3. 1. 0. 2. 2. 4. 4. 0. 0. 1. 3. 1. 4. 0.]
[5. 3. 6. 1. 0. 1. 0. 0. 7. 0. 1. 2. 2. 5. 5. 0. 0. 1. 3. 1. 2. 1.]
[5. 3. 7. 1. 0. 1. 0. 0. 0. 0. 1. 2. 2. 5. 5. 0. 0. 1. 3. 1. 2. 3.]
[0. 3. 6. 1. 0. 1. 0. 0. 0. 0. 1. 2. 2. 5. 5. 0. 0. 1. 3. 1. 2. 3.]
[5. 2. 6. 1. 0. 1. 1. 1. 4. 1. 0. 2. 2. 5. 5. 0. 0. 1. 3. 2. 4. 0.]
[2. 3. 4. 0. 5. 1. 1. 1. 7. 0. 0. 0. 2. 5. 3. 0. 0. 1. 0. 5. 4. 2.]
[5. 3. 2. 1. 5. 1. 0. 0. 3. 1. 0. 2. 2. 5. 4. 0. 0. 1. 3. 1. 4. 0.]
[5. 3. 5. 1. 5. 1. 0. 0. 7. 0. 0. 2. 2. 5. 5. 0. 0. 2. 3. 5. 5. 4.]
[0. 2. 6. 1. 0. 1. 0. 0. 3. 0. 1. 2. 2. 5. 5. 0. 0. 1. 3. 1. 2. 3.]
[5. 0. 3. 0. 5. 1. 0. 1. 3. 0. 2. 2. 2. 5. 5. 0. 0. 1. 3. 2. 4. 5.]
[5. 3. 2. 1. 5. 1. 0. 0. 6. 1. 0. 2. 2. 4. 5. 0. 0. 1. 3. 1. 4. 0.]
[2. 3. 3. 1. 5. 1. 0. 0. 3. 1. 0. 2. 2. 2. 5. 0. 0. 1. 3. 1. 4. 0.]
[2. 3. 1. 0. 5. 1. 1. 1. 7. 0. 0. 0. 2. 5. 3. 0. 0. 1. 0. 5. 4. 2.]
[2. 3. 2. 1. 5. 1. 0. 0. 3. 1. 0. 2. 2. 2. 5. 0. 0. 1. 3. 1. 4. 0.]
[2. 3. 3. 1. 5. 1. 0. 0. 3. 1. 0. 2. 2. 5. 4. 0. 0. 1. 3. 1. 4. 0.]
[2. 3. 3. 1. 5. 1. 0. 0. 4. 1. 0. 2. 2. 5. 5. 0. 0. 1. 3. 1. 4. 0.]
[5. 2. 7. 1. 0. 1. 1. 1. 7. 1. 0. 2. 2. 5. 5. 0. 0. 1. 3. 2. 4. 0.]
[0. 2. 7. 1. 3. 1. 0. 0. 2. 0. 1. 2. 2. 5. 5. 0. 0. 1. 3. 1. 2. 3.]
[5. 3. 3. 1. 5. 1. 0. 0. 6. 1. 0. 2. 2. 5. 5. 0. 0. 1. 3. 1. 4. 0.]
[4. 0. 4. 0. 5. 1. 0. 1. 4. 0. 2. 2. 2. 5. 5. 0. 0. 1. 3. 1. 4. 5.]
[5. 2. 7. 1. 0. 1. 0. 0. 2. 0. 1. 2. 2. 5. 5. 0. 0. 1. 3. 1. 2. 3.]
[2. 0. 3. 0. 5. 1. 0. 1. 3. 0. 2. 2. 2. 5. 5. 0. 0. 1. 3. 2. 4. 5.]
[2. 3. 2. 1. 5. 1. 0. 0. 6. 1. 0. 2. 2. 4. 4. 0. 0. 1. 3. 1. 4. 0.]
[2. 3. 2. 1. 5. 1. 0. 0. 6. 1. 0. 2. 2. 5. 2. 0. 0. 1. 3. 1. 4. 0.]
[2. 3. 3. 1. 5. 1. 0. 0. 4. 1. 0. 2. 2. 4. 4. 0. 0. 1. 3. 1. 4. 0.]
[2. 0. 3. 0. 5. 1. 0. 1. 3. 0. 2. 2. 2. 5. 5. 0. 0. 1. 3. 1. 5. 5.]
[5. 3. 7. 1. 3. 1. 0. 0. 3. 0. 1. 2. 2. 5. 5. 0. 0. 1. 3. 1. 2. 3.]
[2. 0. 3. 0. 5. 1. 0. 1. 0. 0. 2. 2. 2. 5. 5. 0. 0. 1. 3. 2. 4. 5.]
[2. 3. 2. 1. 5. 1. 0. 0. 7. 1. 0. 2. 2. 2. 4. 0. 0. 1. 3. 1. 4. 0.]
[5. 0. 6. 1. 0. 1. 1. 1. 3. 1. 0. 2. 2. 5. 5. 0. 0. 1. 3. 2. 4. 0.]
[2. 0. 4. 0. 5. 1. 0. 1. 3. 0. 2. 2. 2. 5. 5. 0. 0. 1. 3. 2. 4. 5.]
[2. 3. 5. 1. 5. 1. 0. 0. 7. 0. 0. 2. 2. 5. 5. 0. 0. 2. 3. 5. 4. 4.]
[5. 2. 3. 1. 5. 1. 0. 0. 7. 0. 0. 2. 2. 5. 5. 0. 0. 2. 3. 5. 5. 4.]
[4. 0. 3. 0. 5. 1. 0. 1. 4. 0. 2. 2. 2. 5. 5. 0. 0. 1. 3. 1. 5. 5.]
[2. 3. 1. 0. 5. 1. 1. 1. 7. 0. 0. 0. 0. 5. 3. 0. 0. 1. 0. 5. 4. 2.]
[5. 3. 6. 1. 3. 1. 0. 0. 0. 0. 1. 2. 2. 5. 5. 0. 0. 1. 3. 1. 2. 3.]
[5. 3. 2. 1. 5. 1. 0. 0. 4. 1. 0. 2. 2. 5. 4. 0. 0. 1. 3. 1. 4. 0.]
[0. 3. 7. 1. 3. 1. 0. 0. 2. 0. 1. 2. 2. 5. 5. 0. 0. 1. 3. 1. 2. 3.]
[5. 3. 3. 1. 5. 1. 0. 0. 7. 0. 0. 2. 2. 5. 5. 0. 0. 2. 3. 5. 5. 4.]
[3. 3. 1. 0. 5. 1. 1. 1. 7. 0. 0. 0. 0. 5. 3. 0. 0. 1. 0. 5. 4. 2.]
[5. 2. 3. 1. 5. 1. 0. 0. 7. 0. 0. 2. 2. 5. 5. 0. 0. 2. 3. 5. 4. 4.]
[5. 3. 3. 1. 5. 1. 0. 0. 3. 1. 0. 2. 2. 4. 5. 0. 0. 1. 3. 1. 4. 0.]
[4. 0. 3. 0. 5. 1. 0. 1. 4. 0. 2. 2. 2. 5. 5. 0. 0. 1. 3. 1. 4. 5.]
[5. 2. 7. 1. 0. 1. 0. 0. 3. 0. 1. 2. 2. 5. 5. 0. 0. 1. 3. 1. 2. 3.]
[5. 3. 2. 1. 5. 1. 0. 0. 7. 1. 0. 2. 2. 4. 5. 0. 0. 1. 3. 1. 4. 0.]
[2. 3. 2. 1. 5. 1. 0. 0. 4. 1. 0. 2. 2. 4. 4. 0. 0. 1. 3. 1. 4. 0.]
[2. 3. 2. 1. 5. 1. 0. 0. 7. 1. 0. 2. 2. 5. 4. 0. 0. 1. 3. 1. 4. 0.]
[5. 3. 2. 1. 5. 1. 0. 0. 3. 1. 0. 2. 2. 4. 5. 0. 0. 1. 3. 1. 4. 0.]
[2. 0. 3. 0. 5. 1. 0. 1. 4. 0. 2. 2. 2. 5. 5. 0. 0. 1. 3. 2. 4. 5.]
[5. 0. 3. 0. 5. 1. 0. 1. 2. 0. 2. 2. 2. 5. 5. 0. 0. 1. 3. 1. 4. 5.]
[2. 3. 3. 1. 5. 1. 0. 0. 4. 1. 0. 2. 2. 5. 4. 0. 0. 1. 3. 1. 4. 0.]
[5. 3. 6. 1. 3. 1. 0. 0. 2. 0. 1. 2. 2. 5. 5. 0. 0. 1. 3. 1. 2. 3.]
[4. 0. 3. 0. 5. 1. 0. 1. 3. 0. 2. 2. 2. 5. 5. 0. 0. 1. 3. 1. 4. 5.]
[0. 2. 7. 1. 0. 1. 0. 0. 0. 0. 1. 2. 2. 5. 5. 0. 0. 1. 3. 1. 2. 3.]
[0. 2. 6. 1. 3. 1. 0. 0. 3. 0. 1. 2. 2. 5. 5. 0. 0. 1. 3. 1. 2. 3.]
[0. 2. 7. 1. 0. 1. 0. 0. 2. 0. 1. 2. 2. 5. 5. 0. 0. 1. 3. 1. 2. 3.]
[5. 0. 1. 0. 5. 1. 1. 1. 7. 0. 0. 0. 0. 5. 3. 0. 0. 1. 0. 5. 4. 2.]
[0. 2. 6. 1. 3. 1. 0. 0. 7. 0. 1. 2. 2. 5. 5. 0. 0. 1. 3. 1. 2. 3.]
[5. 0. 3. 0. 5. 1. 0. 1. 2. 0. 2. 2. 2. 5. 5. 0. 0. 1. 3. 2. 4. 5.]
[5. 2. 6. 1. 3. 1. 0. 0. 3. 0. 1. 2. 2. 5. 5. 0. 0. 1. 3. 1. 2. 3.]
[2. 0. 3. 0. 5. 1. 0. 1. 2. 0. 2. 2. 2. 5. 5. 0. 0. 1. 3. 1. 5. 5.]
[5. 3. 2. 1. 5. 1. 0. 0. 3. 1. 0. 2. 2. 2. 5. 0. 0. 1. 3. 1. 4. 0.]
[2. 3. 2. 1. 5. 1. 0. 0. 3. 1. 0. 2. 2. 2. 4. 0. 0. 1. 3. 1. 4. 0.]
[2. 3. 3. 1. 5. 1. 0. 0. 7. 0. 0. 2. 2. 5. 5. 0. 0. 2. 3. 5. 4. 4.]
[5. 3. 1. 1. 5. 1. 0. 0. 7. 0. 0. 2. 2. 5. 5. 0. 0. 2. 3. 5. 5. 4.]
[5. 2. 1. 1. 5. 1. 0. 0. 7. 0. 0. 2. 2. 5. 5. 0. 0. 2. 3. 5. 5. 4.]
[5. 3. 7. 1. 3. 1. 0. 0. 2. 0. 1. 2. 2. 5. 5. 0. 0. 1. 3. 1. 2. 3.]
[2. 0. 1. 0. 5. 1. 1. 1. 7. 0. 0. 0. 0. 5. 3. 0. 0. 1. 0. 5. 4. 2.]
[2. 0. 4. 0. 5. 1. 0. 1. 2. 0. 2. 2. 2. 5. 5. 0. 0. 1. 3. 2. 4. 5.]
[3. 0. 1. 0. 5. 1. 1. 1. 7. 0. 0. 0. 0. 5. 3. 0. 0. 1. 0. 5. 4. 2.]
[5. 3. 2. 1. 5. 1. 0. 0. 7. 1. 0. 2. 2. 4. 4. 0. 0. 1. 3. 1. 4. 0.]
[2. 3. 3. 1. 5. 1. 0. 0. 7. 1. 0. 2. 2. 5. 5. 0. 0. 1. 3. 1. 4. 0.]
[2. 3. 2. 1. 5. 1. 0. 0. 4. 1. 0. 2. 2. 2. 4. 0. 0. 1. 3. 1. 4. 0.]
[2. 2. 3. 1. 5. 1. 0. 0. 7. 0. 0. 2. 2. 5. 5. 0. 0. 2. 3. 5. 4. 4.]
[2. 3. 2. 1. 5. 1. 0. 0. 3. 1. 0. 2. 2. 4. 5. 0. 0. 1. 3. 1. 4. 0.]
[2. 2. 6. 1. 0. 1. 1. 1. 4. 1. 0. 2. 2. 5. 5. 0. 0. 1. 3. 2. 4. 0.]
[5. 3. 3. 1. 5. 1. 0. 0. 4. 1. 0. 2. 2. 5. 5. 0. 0. 1. 3. 1. 4. 0.]
[2. 3. 2. 1. 5. 1. 0. 0. 4. 1. 0. 2. 2. 4. 5. 0. 0. 1. 3. 1. 4. 0.]
[2. 3. 2. 1. 5. 1. 0. 0. 4. 1. 0. 2. 2. 5. 4. 0. 0. 1. 3. 1. 4. 0.]
[5. 2. 7. 1. 3. 1. 0. 0. 3. 0. 1. 2. 2. 5. 5. 0. 0. 1. 3. 1. 2. 3.]
[4. 0. 4. 0. 5. 1. 0. 1. 2. 0. 2. 2. 2. 5. 5. 0. 0. 1. 3. 1. 4. 5.]
[2. 2. 4. 1. 5. 1. 0. 0. 7. 0. 0. 2. 2. 5. 5. 0. 0. 2. 3. 5. 4. 4.]
[5. 0. 3. 0. 5. 1. 0. 1. 4. 0. 2. 2. 2. 5. 5. 0. 0. 1. 3. 1. 5. 5.]
[2. 2. 7. 1. 0. 1. 1. 1. 4. 1. 0. 2. 2. 5. 5. 0. 0. 1. 3. 2. 4. 0.]
[5. 3. 2. 1. 5. 1. 0. 0. 4. 1. 0. 2. 2. 5. 5. 0. 0. 1. 3. 1. 4. 0.]
[0. 3. 6. 1. 3. 1. 0. 0. 2. 0. 1. 2. 2. 5. 5. 0. 0. 1. 3. 1. 2. 3.]
[0. 3. 6. 1. 3. 1. 0. 0. 7. 0. 1. 2. 2. 5. 5. 0. 0. 1. 3. 1. 2. 3.]
[2. 2. 7. 1. 3. 1. 1. 1. 4. 1. 0. 2. 2. 5. 5. 0. 0. 1. 3. 2. 4. 0.]
[5. 3. 7. 1. 0. 1. 0. 0. 7. 0. 1. 2. 2. 5. 5. 0. 0. 1. 3. 1. 2. 3.]
[2. 3. 2. 1. 5. 1. 0. 0. 4. 1. 0. 2. 2. 4. 2. 0. 0. 1. 3. 1. 4. 0.]
[5. 3. 1. 1. 5. 1. 0. 0. 7. 0. 0. 2. 2. 5. 5. 0. 0. 2. 3. 5. 4. 4.]
[5. 2. 6. 1. 0. 1. 0. 0. 3. 0. 1. 2. 2. 5. 5. 0. 0. 1. 3. 1. 2. 3.]
[5. 2. 6. 1. 3. 1. 1. 1. 3. 1. 0. 2. 2. 5. 5. 0. 0. 1. 3. 2. 4. 0.]
[5. 3. 6. 1. 3. 1. 0. 0. 7. 0. 1. 2. 2. 5. 5. 0. 0. 1. 3. 1. 2. 3.]
[2. 3. 4. 1. 5. 1. 0. 0. 7. 0. 0. 2. 2. 5. 5. 0. 0. 2. 3. 5. 5. 4.]
[2. 3. 2. 1. 5. 1. 0. 0. 7. 1. 0. 2. 2. 2. 2. 0. 0. 1. 3. 1. 4. 0.]
[5. 0. 3. 0. 5. 1. 0. 1. 0. 0. 2. 2. 2. 5. 5. 0. 0. 1. 3. 1. 4. 5.]
[5. 3. 7. 1. 0. 1. 0. 0. 3. 0. 1. 2. 2. 5. 5. 0. 0. 1. 3. 1. 2. 3.]
[5. 3. 2. 1. 5. 1. 0. 0. 4. 1. 0. 2. 2. 2. 5. 0. 0. 1. 3. 1. 4. 0.]
[5. 2. 1. 1. 5. 1. 0. 0. 7. 0. 0. 2. 2. 5. 5. 0. 0. 2. 3. 5. 4. 4.]
[5. 0. 3. 0. 5. 1. 0. 1. 4. 0. 2. 2. 2. 5. 5. 0. 0. 1. 3. 2. 4. 5.]
[5. 3. 7. 1. 3. 1. 0. 0. 0. 0. 1. 2. 2. 5. 5. 0. 0. 1. 3. 1. 2. 3.]
[5. 0. 3. 0. 5. 1. 0. 1. 3. 0. 2. 2. 2. 5. 5. 0. 0. 1. 3. 1. 4. 5.]
[0. 3. 6. 1. 0. 1. 0. 0. 7. 0. 1. 2. 2. 5. 5. 0. 0. 1. 3. 1. 2. 1.]
[5. 2. 6. 1. 3. 1. 0. 0. 0. 0. 1. 2. 2. 5. 5. 0. 0. 1. 3. 1. 2. 3.]
[5. 3. 6. 1. 0. 1. 0. 0. 7. 0. 1. 2. 2. 5. 5. 0. 0. 1. 3. 1. 2. 3.]
[0. 2. 6. 1. 3. 1. 0. 0. 0. 0. 1. 2. 2. 5. 5. 0. 0. 1. 3. 1. 2. 3.]
[5. 3. 1. 0. 5. 1. 1. 1. 7. 0. 0. 0. 2. 5. 3. 0. 0. 1. 0. 5. 4. 2.]
[2. 3. 1. 1. 5. 1. 0. 0. 7. 0. 0. 2. 2. 5. 5. 0. 0. 2. 3. 5. 4. 4.]
[5. 3. 2. 1. 5. 1. 0. 0. 6. 1. 0. 2. 2. 5. 4. 0. 0. 1. 3. 1. 4. 0.]
[2. 3. 4. 0. 4. 0. 0. 0. 7. 0. 1. 1. 3. 1. 1. 0. 0. 0. 2. 5. 1. 0.]
[5. 2. 0. 1. 2. 1. 0. 0. 1. 1. 0. 2. 2. 5. 5. 0. 0. 1. 3. 0. 4. 1.]
[5. 2. 3. 1. 2. 1. 0. 0. 4. 1. 0. 2. 2. 5. 5. 0. 0. 1. 3. 0. 4. 1.]
[2. 3. 6. 1. 5. 1. 0. 0. 5. 0. 0. 2. 2. 5. 5. 0. 0. 2. 3. 3. 4. 1.]
[2. 2. 6. 1. 2. 1. 0. 0. 1. 1. 0. 2. 0. 5. 5. 0. 0. 1. 3. 0. 4. 5.]
[2. 2. 6. 1. 2. 1. 0. 0. 7. 1. 0. 2. 0. 5. 5. 0. 0. 1. 3. 0. 4. 1.]
[3. 3. 1. 0. 4. 1. 0. 0. 8. 0. 1. 1. 3. 1. 1. 0. 0. 0. 2. 5. 1. 0.]
[5. 3. 6. 1. 6. 1. 0. 1. 7. 0. 2. 2. 2. 5. 5. 0. 0. 1. 3. 2. 4. 5.]
[5. 2. 6. 1. 2. 1. 0. 0. 1. 1. 0. 2. 0. 5. 5. 0. 0. 1. 3. 0. 4. 5.]
[0. 3. 0. 1. 5. 1. 0. 0. 0. 0. 0. 2. 2. 5. 5. 0. 0. 2. 3. 3. 4. 1.]
[2. 2. 3. 1. 2. 1. 0. 0. 1. 1. 0. 2. 0. 5. 5. 0. 0. 1. 3. 0. 4. 5.]
[5. 3. 2. 0. 4. 1. 0. 0. 7. 0. 1. 1. 3. 1. 1. 0. 0. 0. 2. 5. 1. 0.]
[2. 2. 6. 1. 2. 1. 0. 0. 4. 1. 0. 2. 0. 5. 5. 0. 0. 1. 3. 0. 4. 5.]
[5. 2. 3. 1. 2. 1. 0. 0. 1. 1. 0. 0. 2. 5. 5. 0. 0. 1. 3. 0. 4. 1.]
[0. 2. 6. 1. 5. 1. 0. 0. 5. 0. 0. 2. 2. 5. 5. 0. 0. 2. 3. 3. 4. 3.]
[2. 2. 0. 1. 2. 1. 0. 0. 7. 1. 0. 2. 2. 5. 5. 0. 0. 1. 3. 0. 4. 5.]
[5. 3. 4. 1. 6. 1. 0. 1. 3. 0. 2. 2. 2. 5. 5. 0. 0. 1. 3. 2. 4. 5.]
[2. 3. 7. 0. 5. 1. 1. 1. 8. 0. 1. 3. 3. 6. 6. 0. 1. 1. 0. 5. 1. 2.]
[5. 2. 4. 1. 6. 1. 0. 1. 7. 0. 2. 2. 2. 5. 5. 0. 0. 1. 3. 2. 4. 5.]
[2. 2. 6. 1. 5. 1. 0. 0. 0. 0. 0. 2. 2. 5. 5. 0. 0. 2. 3. 3. 4. 1.]
[5. 3. 4. 0. 4. 1. 0. 0. 8. 0. 1. 1. 3. 1. 1. 0. 0. 0. 2. 5. 1. 0.]
[5. 2. 6. 0. 1. 1. 1. 1. 4. 0. 0. 2. 2. 5. 5. 0. 0. 1. 3. 2. 4. 0.]
[2. 3. 5. 1. 5. 1. 0. 0. 5. 0. 0. 2. 2. 5. 5. 0. 0. 2. 3. 3. 4. 1.]
[2. 2. 3. 1. 2. 1. 0. 0. 1. 1. 0. 2. 2. 5. 5. 0. 0. 1. 3. 0. 4. 1.]
[5. 3. 4. 1. 6. 1. 0. 1. 7. 0. 2. 2. 2. 5. 5. 0. 0. 1. 3. 2. 4. 1.]
[2. 2. 6. 1. 2. 1. 0. 0. 7. 1. 0. 2. 2. 5. 5. 0. 0. 1. 3. 0. 3. 1.]
[5. 3. 4. 1. 6. 1. 0. 1. 4. 0. 2. 2. 2. 5. 5. 0. 0. 1. 3. 2. 4. 5.]
[5. 2. 4. 1. 6. 1. 0. 1. 2. 0. 2. 2. 2. 5. 5. 0. 0. 1. 3. 2. 4. 5.]
[2. 2. 4. 1. 6. 1. 0. 1. 4. 0. 2. 2. 2. 5. 5. 0. 0. 1. 3. 2. 4. 1.]
[5. 2. 6. 1. 2. 1. 0. 0. 4. 1. 0. 2. 2. 5. 5. 0. 0. 1. 3. 0. 3. 1.]
[2. 2. 5. 1. 5. 1. 0. 0. 0. 0. 0. 2. 2. 5. 5. 0. 0. 2. 3. 3. 4. 1.]
[2. 3. 5. 1. 5. 1. 0. 0. 7. 0. 0. 2. 2. 5. 5. 0. 0. 2. 3. 3. 4. 3.]
[2. 2. 5. 1. 5. 1. 0. 0. 0. 0. 0. 2. 2. 5. 5. 0. 0. 2. 3. 3. 4. 3.]
[0. 3. 7. 0. 5. 1. 1. 1. 7. 0. 1. 3. 3. 6. 6. 0. 1. 1. 0. 5. 1. 2.]
[5. 0. 5. 0. 1. 1. 1. 1. 6. 0. 0. 2. 2. 5. 5. 0. 0. 1. 3. 2. 4. 0.]
[5. 2. 3. 1. 2. 1. 0. 0. 7. 1. 0. 2. 2. 5. 5. 0. 0. 1. 3. 0. 3. 1.]
[2. 2. 0. 1. 2. 1. 0. 0. 1. 1. 0. 2. 0. 5. 5. 0. 0. 1. 3. 0. 4. 1.]
[2. 2. 6. 1. 2. 1. 0. 0. 4. 1. 0. 2. 2. 5. 5. 0. 0. 1. 3. 0. 4. 1.]
[5. 2. 3. 1. 2. 1. 0. 0. 1. 1. 0. 2. 2. 5. 5. 0. 0. 1. 3. 0. 3. 1.]
[0. 2. 5. 1. 5. 1. 0. 0. 0. 0. 0. 2. 2. 5. 5. 0. 0. 2. 3. 3. 4. 3.]
[2. 2. 3. 1. 2. 1. 0. 0. 4. 1. 0. 2. 0. 5. 5. 0. 0. 1. 3. 0. 4. 1.]
[5. 3. 4. 1. 6. 1. 0. 1. 3. 0. 2. 2. 2. 5. 5. 0. 0. 1. 3. 2. 4. 1.]
[5. 2. 6. 1. 6. 1. 0. 1. 7. 0. 2. 2. 2. 5. 5. 0. 0. 1. 3. 2. 4. 5.]
[0. 2. 5. 1. 5. 1. 0. 0. 7. 0. 0. 2. 2. 5. 5. 0. 0. 2. 3. 3. 4. 1.]
[0. 2. 5. 1. 5. 1. 0. 0. 5. 0. 0. 2. 2. 5. 5. 0. 0. 2. 3. 3. 4. 3.]
[2. 3. 6. 1. 6. 1. 0. 1. 7. 0. 2. 2. 2. 5. 5. 0. 0. 1. 3. 2. 4. 1.]
[2. 2. 0. 1. 2. 1. 0. 0. 4. 1. 0. 2. 2. 5. 5. 0. 0. 1. 3. 0. 4. 1.]
[5. 2. 3. 1. 2. 1. 0. 0. 1. 1. 0. 2. 0. 5. 5. 0. 0. 1. 3. 0. 4. 5.]
[2. 2. 3. 1. 2. 1. 0. 0. 7. 1. 0. 2. 2. 5. 5. 0. 0. 1. 3. 0. 4. 5.]
[5. 2. 5. 0. 1. 1. 1. 1. 0. 0. 0. 2. 2. 5. 5. 0. 0. 1. 3. 2. 4. 0.]
[2. 3. 4. 0. 4. 0. 0. 0. 8. 0. 1. 1. 3. 1. 1. 0. 0. 0. 2. 5. 1. 0.]
[5. 3. 4. 1. 6. 1. 0. 1. 2. 0. 2. 2. 2. 5. 5. 0. 0. 1. 3. 2. 4. 1.]
[2. 2. 6. 1. 5. 1. 0. 0. 5. 0. 0. 2. 2. 5. 5. 0. 0. 2. 3. 3. 4. 1.]
[2. 2. 6. 1. 6. 1. 0. 1. 4. 0. 2. 2. 2. 5. 5. 0. 0. 1. 3. 2. 4. 1.]
[5. 0. 6. 0. 1. 1. 1. 1. 0. 0. 0. 2. 2. 5. 5. 0. 0. 1. 3. 2. 4. 0.]
[2. 3. 6. 1. 6. 1. 0. 1. 2. 0. 2. 2. 2. 5. 5. 0. 0. 1. 3. 2. 4. 1.]
[5. 2. 0. 1. 2. 1. 0. 0. 7. 1. 0. 2. 2. 5. 5. 0. 0. 1. 3. 0. 3. 1.]
[0. 3. 7. 0. 5. 1. 1. 1. 8. 0. 1. 3. 3. 6. 6. 0. 1. 1. 0. 5. 1. 2.]
[2. 3. 6. 1. 5. 1. 0. 0. 5. 0. 0. 2. 2. 5. 5. 0. 0. 2. 3. 3. 4. 3.]
[2. 3. 5. 1. 5. 1. 0. 0. 5. 0. 0. 2. 2. 5. 5. 0. 0. 2. 3. 3. 4. 3.]
[5. 2. 6. 1. 2. 1. 0. 0. 7. 1. 0. 0. 2. 5. 5. 0. 0. 1. 3. 0. 4. 1.]
[2. 2. 4. 1. 6. 1. 0. 1. 4. 0. 2. 2. 2. 5. 5. 0. 0. 1. 3. 2. 4. 5.]
[5. 2. 0. 1. 2. 1. 0. 0. 4. 1. 0. 2. 2. 5. 5. 0. 0. 1. 3. 0. 3. 5.]
[0. 3. 0. 1. 5. 1. 0. 0. 7. 0. 0. 2. 2. 5. 5. 0. 0. 2. 3. 3. 4. 1.]
[0. 3. 5. 1. 5. 1. 0. 0. 0. 0. 0. 2. 2. 5. 5. 0. 0. 2. 3. 3. 4. 1.]
[5. 2. 0. 1. 2. 1. 0. 0. 7. 1. 0. 2. 2. 5. 5. 0. 0. 1. 3. 0. 4. 5.]
[2. 2. 3. 1. 2. 1. 0. 0. 7. 1. 0. 2. 2. 5. 5. 0. 0. 1. 3. 0. 4. 1.]
[5. 2. 6. 1. 2. 1. 0. 0. 1. 1. 0. 0. 2. 5. 5. 0. 0. 1. 3. 0. 4. 1.]
[5. 2. 3. 1. 2. 1. 0. 0. 1. 1. 0. 2. 2. 5. 5. 0. 0. 1. 3. 0. 4. 5.]
[5. 2. 6. 1. 2. 1. 0. 0. 7. 1. 0. 2. 2. 5. 5. 0. 0. 1. 3. 0. 4. 5.]
[3. 3. 1. 0. 4. 1. 0. 0. 7. 0. 1. 1. 3. 1. 1. 0. 0. 0. 2. 5. 1. 0.]
[5. 2. 3. 1. 2. 1. 0. 0. 4. 1. 0. 2. 2. 5. 5. 0. 0. 1. 3. 0. 3. 1.]
[2. 2. 3. 1. 2. 1. 0. 0. 4. 1. 0. 2. 2. 5. 5. 0. 0. 1. 3. 0. 3. 1.]
[5. 2. 6. 1. 2. 1. 0. 0. 4. 1. 0. 2. 2. 5. 5. 0. 0. 1. 3. 0. 3. 5.]
[5. 0. 5. 0. 1. 1. 1. 1. 3. 0. 0. 2. 2. 5. 5. 0. 0. 1. 3. 2. 4. 0.]
[5. 3. 1. 0. 4. 1. 0. 0. 8. 0. 1. 1. 3. 1. 1. 0. 0. 0. 2. 5. 1. 0.]
[2. 2. 3. 1. 2. 1. 0. 0. 1. 1. 0. 2. 2. 5. 5. 0. 0. 1. 3. 0. 3. 5.]
[2. 2. 6. 1. 2. 1. 0. 0. 4. 1. 0. 2. 2. 5. 5. 0. 0. 1. 3. 0. 3. 5.]
[5. 2. 0. 1. 2. 1. 0. 0. 4. 1. 0. 2. 2. 5. 5. 0. 0. 1. 3. 0. 4. 5.]
[2. 3. 6. 1. 6. 1. 0. 1. 3. 0. 2. 2. 2. 5. 5. 0. 0. 1. 3. 2. 4. 1.]
[0. 2. 5. 1. 5. 1. 0. 0. 0. 0. 0. 2. 2. 5. 5. 0. 0. 2. 3. 3. 4. 1.]
[1. 3. 7. 0. 5. 1. 1. 1. 8. 0. 1. 3. 3. 6. 6. 0. 1. 1. 0. 5. 1. 2.]
[5. 0. 6. 0. 1. 1. 1. 1. 4. 0. 0. 2. 2. 5. 5. 0. 0. 1. 3. 2. 4. 0.]
[2. 3. 4. 1. 6. 1. 0. 1. 4. 0. 2. 2. 2. 5. 5. 0. 0. 1. 3. 2. 4. 1.]
[5. 2. 4. 1. 6. 1. 0. 1. 3. 0. 2. 2. 2. 5. 5. 0. 0. 1. 3. 2. 4. 1.]
[5. 0. 3. 0. 1. 1. 1. 1. 4. 0. 0. 2. 2. 5. 5. 0. 0. 1. 3. 2. 4. 0.]
[2. 2. 6. 1. 2. 1. 0. 0. 7. 1. 0. 0. 2. 5. 5. 0. 0. 1. 3. 0. 4. 1.]
[2. 3. 5. 1. 5. 1. 0. 0. 7. 0. 0. 2. 2. 5. 5. 0. 0. 2. 3. 3. 4. 1.]
[5. 2. 6. 1. 2. 1. 0. 0. 4. 1. 0. 2. 2. 5. 5. 0. 0. 1. 3. 0. 4. 1.]
[2. 2. 5. 1. 5. 1. 0. 0. 7. 0. 0. 2. 2. 5. 5. 0. 0. 2. 3. 3. 4. 3.]
[5. 2. 6. 1. 6. 1. 0. 1. 4. 0. 2. 2. 2. 5. 5. 0. 0. 1. 3. 2. 4. 1.]
[2. 3. 6. 1. 6. 1. 0. 1. 3. 0. 2. 2. 2. 5. 5. 0. 0. 1. 3. 2. 4. 5.]
[2. 3. 5. 1. 5. 1. 0. 0. 0. 0. 0. 2. 2. 5. 5. 0. 0. 2. 3. 3. 4. 3.]
[2. 2. 0. 1. 5. 1. 0. 0. 0. 0. 0. 2. 2. 5. 5. 0. 0. 2. 3. 3. 4. 1.]
[2. 2. 0. 1. 5. 1. 0. 0. 5. 0. 0. 2. 2. 5. 5. 0. 0. 2. 3. 3. 4. 1.]
[2. 3. 4. 0. 4. 1. 0. 0. 8. 0. 1. 1. 3. 1. 1. 0. 0. 0. 2. 5. 1. 0.]
[0. 3. 6. 1. 5. 1. 0. 0. 7. 0. 0. 2. 2. 5. 5. 0. 0. 2. 3. 3. 4. 1.]
[3. 3. 2. 0. 4. 1. 0. 0. 8. 0. 1. 1. 3. 1. 1. 0. 0. 0. 2. 5. 1. 0.]
[2. 2. 0. 1. 2. 1. 0. 0. 4. 1. 0. 2. 2. 5. 5. 0. 0. 1. 3. 0. 3. 1.]
[5. 2. 3. 1. 2. 1. 0. 0. 4. 1. 0. 2. 0. 5. 5. 0. 0. 1. 3. 0. 4. 1.]
[2. 2. 3. 1. 2. 1. 0. 0. 4. 1. 0. 2. 2. 5. 5. 0. 0. 1. 3. 0. 3. 5.]
[2. 2. 3. 1. 2. 1. 0. 0. 1. 1. 0. 2. 0. 5. 5. 0. 0. 1. 3. 0. 4. 1.]
[2. 3. 4. 1. 6. 1. 0. 1. 4. 0. 2. 2. 2. 5. 5. 0. 0. 1. 3. 2. 4. 5.]
[5. 0. 6. 0. 1. 1. 1. 1. 6. 0. 0. 2. 2. 5. 5. 0. 0. 1. 3. 2. 4. 0.]
[2. 3. 7. 0. 5. 1. 1. 1. 7. 0. 1. 3. 3. 6. 6. 0. 1. 1. 0. 5. 1. 2.]
[5. 2. 3. 1. 2. 1. 0. 0. 1. 1. 0. 2. 0. 5. 5. 0. 0. 1. 3. 0. 4. 1.]
[2. 3. 4. 1. 6. 1. 0. 1. 3. 0. 2. 2. 2. 5. 5. 0. 0. 1. 3. 2. 4. 5.]
[5. 2. 6. 1. 2. 1. 0. 0. 7. 1. 0. 2. 2. 5. 5. 0. 0. 1. 3. 0. 4. 1.]
[2. 2. 6. 1. 5. 1. 0. 0. 5. 0. 0. 2. 2. 5. 5. 0. 0. 2. 3. 3. 4. 3.]
[0. 2. 0. 1. 5. 1. 0. 0. 7. 0. 0. 2. 2. 5. 5. 0. 0. 2. 3. 3. 4. 1.]
[0. 3. 6. 1. 5. 1. 0. 0. 0. 0. 0. 2. 2. 5. 5. 0. 0. 2. 3. 3. 4. 1.]
[5. 2. 6. 1. 2. 1. 0. 0. 7. 1. 0. 2. 2. 5. 5. 0. 0. 1. 3. 0. 3. 1.]
[2. 3. 1. 0. 4. 1. 0. 0. 8. 0. 1. 1. 3. 1. 1. 0. 0. 0. 2. 5. 1. 0.]
[2. 2. 6. 1. 2. 1. 0. 0. 7. 1. 0. 2. 2. 5. 5. 0. 0. 1. 3. 0. 3. 5.]
[2. 3. 0. 1. 5. 1. 0. 0. 0. 0. 0. 2. 2. 5. 5. 0. 0. 2. 3. 3. 4. 1.]
[2. 2. 0. 1. 2. 1. 0. 0. 1. 1. 0. 2. 2. 5. 5. 0. 0. 1. 3. 0. 4. 5.]
[5. 3. 6. 1. 6. 1. 0. 1. 2. 0. 2. 2. 2. 5. 5. 0. 0. 1. 3. 2. 4. 1.]
[5. 2. 0. 1. 2. 1. 0. 0. 7. 1. 0. 2. 0. 5. 5. 0. 0. 1. 3. 0. 4. 1.]
[2. 2. 6. 1. 6. 1. 0. 1. 7. 0. 2. 2. 2. 5. 5. 0. 0. 1. 3. 2. 4. 5.]
[2. 2. 6. 1. 6. 1. 0. 1. 2. 0. 2. 2. 2. 5. 5. 0. 0. 1. 3. 2. 4. 1.]
[2. 2. 5. 1. 5. 1. 0. 0. 5. 0. 0. 2. 2. 5. 5. 0. 0. 2. 3. 3. 4. 3.]
[2. 2. 6. 1. 2. 1. 0. 0. 7. 1. 0. 2. 2. 5. 5. 0. 0. 1. 3. 0. 4. 5.]
[5. 2. 3. 0. 1. 1. 1. 1. 0. 0. 0. 2. 2. 5. 5. 0. 0. 1. 3. 2. 4. 0.]
[2. 3. 6. 1. 5. 1. 0. 0. 7. 0. 0. 2. 2. 5. 5. 0. 0. 2. 3. 3. 4. 3.]
[5. 2. 5. 0. 1. 1. 1. 1. 6. 0. 0. 2. 2. 5. 5. 0. 0. 1. 3. 2. 4. 0.]
[2. 2. 3. 1. 2. 1. 0. 0. 1. 1. 0. 2. 2. 5. 5. 0. 0. 1. 3. 0. 3. 1.]
[5. 2. 6. 1. 6. 1. 0. 1. 7. 0. 2. 2. 2. 5. 5. 0. 0. 1. 3. 2. 4. 1.]
[5. 2. 6. 1. 2. 1. 0. 0. 1. 1. 0. 2. 2. 5. 5. 0. 0. 1. 3. 0. 3. 5.]
[2. 3. 6. 1. 6. 1. 0. 1. 7. 0. 2. 2. 2. 5. 5. 0. 0. 1. 3. 2. 4. 5.]
[5. 2. 3. 0. 1. 1. 1. 1. 3. 0. 0. 2. 2. 5. 5. 0. 0. 1. 3. 2. 4. 0.]
[5. 2. 0. 1. 2. 1. 0. 0. 1. 1. 0. 2. 0. 5. 5. 0. 0. 1. 3. 0. 4. 1.]
[2. 2. 0. 1. 2. 1. 0. 0. 7. 1. 0. 2. 2. 5. 5. 0. 0. 1. 3. 0. 4. 1.]
[2. 2. 0. 1. 2. 1. 0. 0. 4. 1. 0. 2. 2. 5. 5. 0. 0. 1. 3. 0. 4. 5.]
[2. 2. 0. 1. 2. 1. 0. 0. 7. 1. 0. 2. 0. 5. 5. 0. 0. 1. 3. 0. 4. 1.]
[3. 3. 4. 0. 4. 0. 0. 0. 7. 0. 1. 1. 3. 1. 1. 0. 0. 0. 2. 5. 1. 0.]
[5. 2. 0. 1. 2. 1. 0. 0. 1. 1. 0. 2. 2. 5. 5. 0. 0. 1. 3. 0. 3. 5.]
[5. 3. 4. 0. 4. 0. 0. 0. 7. 0. 1. 1. 3. 1. 1. 0. 0. 0. 2. 5. 1. 0.]
[2. 2. 6. 1. 2. 1. 0. 0. 1. 1. 0. 2. 2. 5. 5. 0. 0. 1. 3. 0. 4. 1.]
[2. 2. 3. 1. 2. 1. 0. 0. 4. 1. 0. 2. 2. 5. 5. 0. 0. 1. 3. 0. 4. 1.]
[5. 2. 3. 1. 2. 1. 0. 0. 7. 1. 0. 2. 2. 5. 5. 0. 0. 1. 3. 0. 4. 5.]
[5. 2. 0. 1. 2. 1. 0. 0. 4. 1. 0. 2. 0. 5. 5. 0. 0. 1. 3. 0. 4. 1.]
[5. 2. 3. 1. 2. 1. 0. 0. 7. 1. 0. 2. 0. 5. 5. 0. 0. 1. 3. 0. 4. 1.]
[5. 2. 6. 1. 2. 1. 0. 0. 4. 1. 0. 2. 2. 5. 5. 0. 0. 1. 3. 0. 4. 5.]
[2. 2. 3. 1. 2. 1. 0. 0. 4. 1. 0. 2. 0. 5. 5. 0. 0. 1. 3. 0. 4. 5.]
[2. 2. 0. 1. 2. 1. 0. 0. 4. 1. 0. 2. 0. 5. 5. 0. 0. 1. 3. 0. 4. 1.]
[3. 3. 2. 0. 4. 1. 0. 0. 7. 0. 1. 1. 3. 1. 1. 0. 0. 0. 2. 5. 1. 0.]
[5. 2. 3. 1. 2. 1. 0. 0. 4. 1. 0. 2. 0. 5. 5. 0. 0. 1. 3. 0. 4. 5.]
[2. 3. 4. 1. 6. 1. 0. 1. 3. 0. 2. 2. 2. 5. 5. 0. 0. 1. 3. 2. 4. 1.]
[5. 2. 6. 1. 2. 1. 0. 0. 4. 1. 0. 2. 0. 5. 5. 0. 0. 1. 3. 0. 4. 1.]
[5. 2. 3. 1. 2. 1. 0. 0. 4. 1. 0. 0. 2. 5. 5. 0. 0. 1. 3. 0. 4. 1.]
[2. 2. 6. 1. 6. 1. 0. 1. 2. 0. 2. 2. 2. 5. 5. 0. 0. 1. 3. 2. 4. 5.]
[5. 3. 4. 0. 4. 1. 0. 0. 7. 0. 1. 1. 3. 1. 1. 0. 0. 0. 2. 5. 1. 0.]
[2. 2. 6. 1. 2. 1. 0. 0. 4. 1. 0. 2. 2. 5. 5. 0. 0. 1. 3. 0. 3. 1.]
[0. 3. 5. 1. 5. 1. 0. 0. 5. 0. 0. 2. 2. 5. 5. 0. 0. 2. 3. 3. 4. 1.]
[3. 3. 4. 0. 4. 1. 0. 0. 8. 0. 1. 1. 3. 1. 1. 0. 0. 0. 2. 5. 1. 0.]
[0. 2. 0. 1. 5. 1. 0. 0. 0. 0. 0. 2. 2. 5. 5. 0. 0. 2. 3. 3. 4. 1.]
[5. 2. 3. 1. 2. 1. 0. 0. 1. 1. 0. 2. 2. 5. 5. 0. 0. 1. 3. 0. 3. 5.]
[5. 2. 4. 1. 6. 1. 0. 1. 7. 0. 2. 2. 2. 5. 5. 0. 0. 1. 3. 2. 4. 1.]
[5. 2. 6. 1. 2. 1. 0. 0. 4. 1. 0. 0. 2. 5. 5. 0. 0. 1. 3. 0. 4. 1.]
[2. 2. 6. 1. 2. 1. 0. 0. 4. 1. 0. 0. 2. 5. 5. 0. 0. 1. 3. 0. 4. 1.]
[5. 2. 3. 0. 1. 1. 1. 1. 4. 0. 0. 2. 2. 5. 5. 0. 0. 1. 3. 2. 4. 0.]
[2. 2. 4. 1. 6. 1. 0. 1. 3. 0. 2. 2. 2. 5. 5. 0. 0. 1. 3. 2. 4. 5.]
[0. 2. 6. 1. 5. 1. 0. 0. 0. 0. 0. 2. 2. 5. 5. 0. 0. 2. 3. 3. 4. 3.]
[2. 2. 0. 1. 2. 1. 0. 0. 4. 1. 0. 2. 2. 5. 5. 0. 0. 1. 3. 0. 3. 5.]
[5. 2. 6. 1. 6. 1. 0. 1. 3. 0. 2. 2. 2. 5. 5. 0. 0. 1. 3. 2. 4. 1.]
[2. 3. 1. 0. 4. 1. 0. 0. 7. 0. 1. 1. 3. 1. 1. 0. 0. 0. 2. 5. 1. 0.]
[5. 0. 5. 0. 1. 1. 1. 1. 4. 0. 0. 2. 2. 5. 5. 0. 0. 1. 3. 2. 4. 0.]
[2. 2. 4. 1. 6. 1. 0. 1. 7. 0. 2. 2. 2. 5. 5. 0. 0. 1. 3. 2. 4. 1.]
[5. 3. 2. 0. 4. 0. 0. 0. 7. 0. 1. 1. 3. 1. 1. 0. 0. 0. 2. 5. 1. 0.]
[5. 2. 3. 1. 2. 1. 0. 0. 1. 1. 0. 2. 2. 5. 5. 0. 0. 1. 3. 0. 4. 1.]
[5. 0. 5. 0. 1. 1. 1. 1. 0. 0. 0. 2. 2. 5. 5. 0. 0. 1. 3. 2. 4. 0.]
[2. 2. 0. 1. 2. 1. 0. 0. 7. 1. 0. 2. 2. 5. 5. 0. 0. 1. 3. 0. 3. 5.]
[3. 3. 7. 0. 5. 1. 1. 1. 7. 0. 1. 3. 3. 6. 6. 0. 1. 1. 0. 5. 1. 2.]
[2. 3. 2. 0. 4. 1. 0. 0. 7. 0. 1. 1. 3. 1. 1. 0. 0. 0. 2. 5. 1. 0.]
[5. 2. 0. 1. 2. 1. 0. 0. 7. 1. 0. 2. 2. 5. 5. 0. 0. 1. 3. 0. 4. 1.]
[2. 3. 4. 0. 4. 1. 0. 0. 7. 0. 1. 1. 3. 1. 1. 0. 0. 0. 2. 5. 1. 0.]
[5. 2. 4. 1. 6. 1. 0. 1. 4. 0. 2. 2. 2. 5. 5. 0. 0. 1. 3. 2. 4. 1.]
[5. 2. 0. 1. 2. 1. 0. 0. 7. 1. 0. 2. 2. 5. 5. 0. 0. 1. 3. 0. 3. 5.]
[0. 3. 5. 1. 5. 1. 0. 0. 5. 0. 0. 2. 2. 5. 5. 0. 0. 2. 3. 3. 4. 3.]
[5. 2. 6. 1. 2. 1. 0. 0. 1. 1. 0. 2. 0. 5. 5. 0. 0. 1. 3. 0. 4. 1.]
[5. 3. 6. 1. 6. 1. 0. 1. 2. 0. 2. 2. 2. 5. 5. 0. 0. 1. 3. 2. 4. 5.]
[5. 0. 3. 0. 1. 1. 1. 1. 0. 0. 0. 2. 2. 5. 5. 0. 0. 1. 3. 2. 4. 0.]
[5. 2. 6. 0. 1. 1. 1. 1. 6. 0. 0. 2. 2. 5. 5. 0. 0. 1. 3. 2. 4. 0.]
[2. 2. 0. 1. 2. 1. 0. 0. 1. 1. 0. 2. 2. 5. 5. 0. 0. 1. 3. 0. 3. 5.]
[0. 2. 6. 1. 5. 1. 0. 0. 5. 0. 0. 2. 2. 5. 5. 0. 0. 2. 3. 3. 4. 1.]
[5. 3. 6. 1. 6. 1. 0. 1. 3. 0. 2. 2. 2. 5. 5. 0. 0. 1. 3. 2. 4. 1.]
[2. 2. 0. 1. 2. 1. 0. 0. 7. 1. 0. 2. 2. 5. 5. 0. 0. 1. 3. 0. 3. 1.]
[5. 2. 3. 1. 2. 1. 0. 0. 7. 1. 0. 2. 2. 5. 5. 0. 0. 1. 3. 0. 4. 1.]
[2. 2. 6. 1. 5. 1. 0. 0. 7. 0. 0. 2. 2. 5. 5. 0. 0. 2. 3. 3. 4. 3.]
[5. 3. 6. 1. 6. 1. 0. 1. 7. 0. 2. 2. 2. 5. 5. 0. 0. 1. 3. 2. 4. 1.]
[5. 2. 5. 0. 1. 1. 1. 1. 3. 0. 0. 2. 2. 5. 5. 0. 0. 1. 3. 2. 4. 0.]
[2. 3. 4. 1. 6. 1. 0. 1. 2. 0. 2. 2. 2. 5. 5. 0. 0. 1. 3. 2. 4. 1.]
[2. 2. 6. 1. 6. 1. 0. 1. 7. 0. 2. 2. 2. 5. 5. 0. 0. 1. 3. 2. 4. 1.]
[5. 2. 0. 1. 2. 1. 0. 0. 1. 1. 0. 2. 2. 5. 5. 0. 0. 1. 3. 0. 3. 1.]
[2. 2. 4. 1. 6. 1. 0. 1. 7. 0. 2. 2. 2. 5. 5. 0. 0. 1. 3. 2. 4. 5.]
[0. 3. 6. 1. 5. 1. 0. 0. 7. 0. 0. 2. 2. 5. 5. 0. 0. 2. 3. 3. 4. 3.]
[5. 3. 6. 1. 6. 1. 0. 1. 3. 0. 2. 2. 2. 5. 5. 0. 0. 1. 3. 2. 4. 5.]
[5. 2. 4. 1. 6. 1. 0. 1. 4. 0. 2. 2. 2. 5. 5. 0. 0. 1. 3. 2. 4. 5.]
[5. 2. 4. 1. 6. 1. 0. 1. 2. 0. 2. 2. 2. 5. 5. 0. 0. 1. 3. 2. 4. 1.]
[0. 3. 6. 1. 5. 1. 0. 0. 5. 0. 0. 2. 2. 5. 5. 0. 0. 2. 3. 3. 4. 1.]
[3. 3. 4. 0. 4. 0. 0. 0. 8. 0. 1. 1. 3. 1. 1. 0. 0. 0. 2. 5. 1. 0.]
[5. 2. 5. 0. 1. 1. 1. 1. 4. 0. 0. 2. 2. 5. 5. 0. 0. 1. 3. 2. 4. 0.]
[5. 2. 4. 1. 6. 1. 0. 1. 3. 0. 2. 2. 2. 5. 5. 0. 0. 1. 3. 2. 4. 5.]
[5. 2. 3. 1. 2. 1. 0. 0. 7. 1. 0. 2. 0. 5. 5. 0. 0. 1. 3. 0. 4. 5.]
[0. 2. 6. 1. 5. 1. 0. 0. 7. 0. 0. 2. 2. 5. 5. 0. 0. 2. 3. 3. 4. 1.]
[2. 2. 6. 1. 2. 1. 0. 0. 1. 1. 0. 2. 2. 5. 5. 0. 0. 1. 3. 0. 3. 5.]
[0. 3. 5. 1. 5. 1. 0. 0. 0. 0. 0. 2. 2. 5. 5. 0. 0. 2. 3. 3. 4. 3.]
[2. 3. 6. 1. 5. 1. 0. 0. 7. 0. 0. 2. 2. 5. 5. 0. 0. 2. 3. 3. 4. 1.]
[5. 2. 6. 1. 6. 1. 0. 1. 4. 0. 2. 2. 2. 5. 5. 0. 0. 1. 3. 2. 4. 5.]
[2. 2. 6. 1. 2. 1. 0. 0. 1. 1. 0. 0. 2. 5. 5. 0. 0. 1. 3. 0. 4. 1.]
[5. 2. 0. 1. 2. 1. 0. 0. 4. 1. 0. 2. 2. 5. 5. 0. 0. 1. 3. 0. 3. 1.]
[2. 2. 6. 1. 2. 1. 0. 0. 1. 1. 0. 2. 2. 5. 5. 0. 0. 1. 3. 0. 4. 5.]
[2. 2. 6. 1. 2. 1. 0. 0. 1. 1. 0. 2. 0. 5. 5. 0. 0. 1. 3. 0. 4. 1.]
[5. 2. 6. 1. 2. 1. 0. 0. 7. 1. 0. 2. 0. 5. 5. 0. 0. 1. 3. 0. 4. 5.]
[1. 3. 7. 0. 5. 1. 1. 1. 7. 0. 1. 3. 3. 6. 6. 0. 1. 1. 0. 5. 1. 2.]
[5. 3. 4. 1. 6. 1. 0. 1. 2. 0. 2. 2. 2. 5. 5. 0. 0. 1. 3. 2. 4. 5.]
[2. 3. 4. 1. 6. 1. 0. 1. 7. 0. 2. 2. 2. 5. 5. 0. 0. 1. 3. 2. 4. 5.]
[2. 3. 6. 1. 6. 1. 0. 1. 4. 0. 2. 2. 2. 5. 5. 0. 0. 1. 3. 2. 4. 1.]
[2. 3. 6. 1. 6. 1. 0. 1. 2. 0. 2. 2. 2. 5. 5. 0. 0. 1. 3. 2. 4. 5.]
[2. 3. 2. 0. 4. 1. 0. 0. 8. 0. 1. 1. 3. 1. 1. 0. 0. 0. 2. 5. 1. 0.]
[2. 2. 3. 1. 2. 1. 0. 0. 7. 1. 0. 2. 2. 5. 5. 0. 0. 1. 3. 0. 3. 5.]
[2. 2. 3. 1. 2. 1. 0. 0. 7. 1. 0. 2. 2. 5. 5. 0. 0. 1. 3. 0. 3. 1.]
[0. 2. 0. 1. 5. 1. 0. 0. 5. 0. 0. 2. 2. 5. 5. 0. 0. 2. 3. 3. 4. 1.]
[2. 2. 6. 1. 5. 1. 0. 0. 7. 0. 0. 2. 2. 5. 5. 0. 0. 2. 3. 3. 4. 1.]
[2. 2. 5. 1. 5. 1. 0. 0. 7. 0. 0. 2. 2. 5. 5. 0. 0. 2. 3. 3. 4. 1.]
[0. 3. 6. 1. 5. 1. 0. 0. 5. 0. 0. 2. 2. 5. 5. 0. 0. 2. 3. 3. 4. 3.]


